	Predator	Prey
1	6	1
2	7	1
3	8	1
4	9	1
5	10	1
6	11	1
7	12	1
8	13	1
9	16	1
10	17	1
11	21	1
12	22	1
13	26	1
14	28	1
15	29	1
16	31	1
17	32	1
18	33	1
19	34	1
20	35	1
21	36	1
22	38	1
23	39	1
24	42	1
25	43	1
26	44	1
27	59	1
28	60	1
29	61	1
30	62	1
31	76	1
32	78	1
33	80	1
34	81	1
35	101	1
36	102	1
37	108	1
38	109	1
39	159	1
40	160	1
41	161	1
42	181	1
43	190	1
44	191	1
45	192	1
46	193	1
47	194	1
48	247	1
49	248	1
50	13	2
51	15	2
52	16	2
53	21	2
54	22	2
55	23	2
56	26	2
57	27	2
58	29	2
59	30	2
60	33	2
61	35	2
62	37	2
63	38	2
64	40	2
65	42	2
66	43	2
67	44	2
68	52	2
69	53	2
70	54	2
71	59	2
72	60	2
73	61	2
74	62	2
75	91	2
76	103	2
77	108	2
78	109	2
79	126	2
80	133	2
81	134	2
82	152	2
83	156	2
84	157	2
85	158	2
86	159	2
87	160	2
88	161	2
89	168	2
90	176	2
91	177	2
92	178	2
93	179	2
94	181	2
95	182	2
96	183	2
97	184	2
98	185	2
99	186	2
100	187	2
101	190	2
102	191	2
103	192	2
104	193	2
105	194	2
106	197	2
107	198	2
108	199	2
109	200	2
110	201	2
111	202	2
112	203	2
113	204	2
114	205	2
115	206	2
116	235	2
117	239	2
118	247	2
119	248	2
120	8	3
121	9	3
122	11	3
123	44	3
124	52	3
125	54	3
126	61	3
127	84	3
128	85	3
129	103	3
130	157	3
131	158	3
132	159	3
133	160	3
134	175	3
135	176	3
136	182	3
137	184	3
138	185	3
139	187	3
140	190	3
141	191	3
142	192	3
143	193	3
144	194	3
145	197	3
146	201	3
147	202	3
148	206	3
149	247	3
150	5	4
151	12	4
152	17	4
153	21	4
154	24	4
155	32	4
156	33	4
157	34	4
158	36	4
159	39	4
160	101	4
161	102	4
162	8	5
163	9	5
164	10	5
165	11	5
166	12	5
167	19	5
168	21	5
169	23	5
170	24	5
171	25	5
172	26	5
173	29	5
174	32	5
175	33	5
176	36	5
177	39	5
178	41	5
179	50	5
180	54	5
181	115	5
182	137	5
183	192	5
184	197	5
185	5	6
186	8	6
187	9	6
188	10	6
189	11	6
190	12	6
191	13	6
192	15	6
193	16	6
194	17	6
195	18	6
196	21	6
197	22	6
198	24	6
199	26	6
200	27	6
201	29	6
202	32	6
203	33	6
204	34	6
205	35	6
206	36	6
207	38	6
208	39	6
209	44	6
210	47	6
211	48	6
212	49	6
213	50	6
214	53	6
215	54	6
216	55	6
217	57	6
218	60	6
219	66	6
220	67	6
221	68	6
222	69	6
223	70	6
224	83	6
225	84	6
226	86	6
227	87	6
228	90	6
229	91	6
230	92	6
231	93	6
232	94	6
233	100	6
234	101	6
235	102	6
236	103	6
237	105	6
238	108	6
239	109	6
240	111	6
241	112	6
242	115	6
243	117	6
244	118	6
245	119	6
246	124	6
247	125	6
248	129	6
249	130	6
250	131	6
251	132	6
252	136	6
253	139	6
254	143	6
255	145	6
256	150	6
257	153	6
258	159	6
259	160	6
260	162	6
261	163	6
262	172	6
263	173	6
264	176	6
265	177	6
266	179	6
267	180	6
268	184	6
269	185	6
270	186	6
271	188	6
272	189	6
273	190	6
274	191	6
275	192	6
276	193	6
277	195	6
278	196	6
279	208	6
280	209	6
281	210	6
282	226	6
283	228	6
284	229	6
285	233	6
286	235	6
287	240	6
288	247	6
289	248	6
290	15	7
291	16	7
292	21	7
293	23	7
294	33	7
295	35	7
296	37	7
297	40	7
298	103	7
299	116	7
300	152	7
301	157	7
302	158	7
303	159	7
304	175	7
305	176	7
306	179	7
307	182	7
308	183	7
309	184	7
310	185	7
311	190	7
312	194	7
313	197	7
314	200	7
315	201	7
316	205	7
317	206	7
318	247	7
319	15	8
320	16	8
321	21	8
322	23	8
323	61	8
324	85	8
325	157	8
326	158	8
327	159	8
328	160	8
329	182	8
330	184	8
331	185	8
332	191	8
333	192	8
334	194	8
335	247	8
336	16	9
337	21	9
338	23	9
339	35	9
340	84	9
341	103	9
342	157	9
343	158	9
344	159	9
345	175	9
346	176	9
347	184	9
348	185	9
349	201	9
350	202	9
351	16	10
352	21	10
353	23	10
354	35	10
355	84	10
356	86	10
357	103	10
358	122	10
359	157	10
360	159	10
361	176	10
362	183	10
363	184	10
364	185	10
365	186	10
366	187	10
367	191	10
368	193	10
369	16	11
370	21	11
371	33	11
372	35	11
373	37	11
374	40	11
375	52	11
376	54	11
377	103	11
378	159	11
379	184	11
380	185	11
381	190	11
382	192	11
383	193	11
384	194	11
385	197	11
386	202	11
387	15	12
388	21	12
389	23	12
390	116	12
391	124	12
392	159	12
393	182	12
394	33	13
395	52	13
396	96	13
397	105	13
398	106	13
399	115	13
400	116	13
401	118	13
402	119	13
403	120	13
404	123	13
405	124	13
406	138	13
407	139	13
408	140	13
409	154	13
410	162	13
411	163	13
412	167	13
413	179	13
414	237	13
415	238	13
416	116	14
417	16	15
418	20	15
419	52	15
420	88	15
421	107	15
422	115	15
423	116	15
424	118	15
425	120	15
426	123	15
427	130	15
428	131	15
429	135	15
430	137	15
431	138	15
432	139	15
433	140	15
434	141	15
435	152	15
436	154	15
437	162	15
438	177	15
439	179	15
440	187	15
441	197	15
442	222	15
443	237	15
444	239	15
445	248	15
446	249	15
447	16	16
448	20	16
449	21	16
450	25	16
451	29	16
452	30	16
453	33	16
454	35	16
455	40	16
456	43	16
457	52	16
458	62	16
459	67	16
460	72	16
461	73	16
462	80	16
463	82	16
464	88	16
465	89	16
466	97	16
467	98	16
468	99	16
469	105	16
470	106	16
471	107	16
472	114	16
473	115	16
474	116	16
475	117	16
476	118	16
477	119	16
478	120	16
479	122	16
480	123	16
481	124	16
482	127	16
483	130	16
484	131	16
485	135	16
486	137	16
487	138	16
488	139	16
489	140	16
490	141	16
491	142	16
492	143	16
493	144	16
494	145	16
495	146	16
496	147	16
497	149	16
498	150	16
499	152	16
500	153	16
501	156	16
502	157	16
503	160	16
504	162	16
505	163	16
506	167	16
507	168	16
508	175	16
509	177	16
510	178	16
511	179	16
512	186	16
513	187	16
514	190	16
515	191	16
516	192	16
517	194	16
518	196	16
519	197	16
520	208	16
521	220	16
522	222	16
523	225	16
524	235	16
525	236	16
526	237	16
527	238	16
528	239	16
529	247	16
530	248	16
531	249	16
532	16	17
533	20	17
534	21	17
535	25	17
536	29	17
537	30	17
538	31	17
539	32	17
540	33	17
541	35	17
542	37	17
543	40	17
544	52	17
545	72	17
546	73	17
547	95	17
548	96	17
549	98	17
550	99	17
551	105	17
552	106	17
553	107	17
554	108	17
555	114	17
556	115	17
557	116	17
558	117	17
559	119	17
560	120	17
561	122	17
562	123	17
563	124	17
564	135	17
565	137	17
566	138	17
567	139	17
568	140	17
569	141	17
570	142	17
571	143	17
572	144	17
573	152	17
574	153	17
575	159	17
576	160	17
577	162	17
578	163	17
579	167	17
580	168	17
581	176	17
582	177	17
583	179	17
584	191	17
585	194	17
586	197	17
587	208	17
588	225	17
589	235	17
590	236	17
591	237	17
592	238	17
593	243	17
594	247	17
595	248	17
596	249	17
597	16	18
598	29	18
599	35	18
600	107	18
601	115	18
602	116	18
603	117	18
604	120	18
605	122	18
606	124	18
607	139	18
608	142	18
609	144	18
610	152	18
611	162	18
612	197	18
613	249	18
614	19	19
615	25	19
616	67	19
617	75	19
618	77	19
619	78	19
620	80	19
621	107	19
622	119	19
623	150	19
624	152	19
625	153	19
626	167	19
627	195	19
628	196	19
629	211	19
630	225	19
631	232	19
632	241	19
633	242	19
634	245	19
635	249	19
636	20	20
637	29	20
638	63	20
639	107	20
640	119	20
641	120	20
642	124	20
643	139	20
644	146	20
645	147	20
646	150	20
647	151	20
648	152	20
649	153	20
650	166	20
651	167	20
652	171	20
653	195	20
654	196	20
655	212	20
656	213	20
657	217	20
658	219	20
659	223	20
660	225	20
661	240	20
662	243	20
663	249	20
664	12	21
665	14	21
666	16	21
667	20	21
668	21	21
669	25	21
670	29	21
671	31	21
672	33	21
673	35	21
674	43	21
675	47	21
676	48	21
677	52	21
678	59	21
679	61	21
680	83	21
681	84	21
682	85	21
683	86	21
684	87	21
685	89	21
686	90	21
687	91	21
688	93	21
689	96	21
690	100	21
691	103	21
692	105	21
693	106	21
694	115	21
695	116	21
696	117	21
697	118	21
698	119	21
699	120	21
700	122	21
701	123	21
702	124	21
703	125	21
704	127	21
705	130	21
706	131	21
707	132	21
708	135	21
709	137	21
710	138	21
711	139	21
712	140	21
713	141	21
714	142	21
715	145	21
716	152	21
717	154	21
718	160	21
719	162	21
720	163	21
721	167	21
722	168	21
723	170	21
724	173	21
725	176	21
726	177	21
727	178	21
728	179	21
729	180	21
730	186	21
731	191	21
732	192	21
733	193	21
734	194	21
735	195	21
736	196	21
737	207	21
738	208	21
739	211	21
740	235	21
741	236	21
742	237	21
743	238	21
744	247	21
745	248	21
746	116	22
747	167	22
748	223	22
749	145	23
750	247	23
751	15	24
752	16	24
753	33	24
754	40	24
755	50	24
756	118	24
757	144	24
758	168	24
759	186	24
760	16	25
761	29	25
762	40	25
763	45	25
764	52	25
765	63	25
766	64	25
767	67	25
768	95	25
769	96	25
770	106	25
771	113	25
772	114	25
773	115	25
774	116	25
775	119	25
776	120	25
777	122	25
778	124	25
779	130	25
780	135	25
781	137	25
782	140	25
783	141	25
784	146	25
785	147	25
786	152	25
787	153	25
788	154	25
789	162	25
790	163	25
791	169	25
792	170	25
793	208	25
794	214	25
795	216	25
796	220	25
797	221	25
798	223	25
799	225	25
800	226	25
801	228	25
802	229	25
803	234	25
804	238	25
805	16	26
806	21	26
807	25	26
808	29	26
809	33	26
810	47	26
811	48	26
812	53	26
813	64	26
814	85	26
815	86	26
816	87	26
817	89	26
818	92	26
819	95	26
820	103	26
821	105	26
822	106	26
823	109	26
824	115	26
825	116	26
826	117	26
827	118	26
828	119	26
829	120	26
830	122	26
831	123	26
832	124	26
833	132	26
834	139	26
835	142	26
836	143	26
837	144	26
838	152	26
839	154	26
840	159	26
841	160	26
842	162	26
843	163	26
844	176	26
845	177	26
846	179	26
847	180	26
848	190	26
849	191	26
850	192	26
851	193	26
852	194	26
853	196	26
854	197	26
855	210	26
856	233	26
857	235	26
858	247	26
859	248	26
860	16	27
861	25	27
862	29	27
863	47	27
864	83	27
865	86	27
866	87	27
867	105	27
868	115	27
869	117	27
870	123	27
871	124	27
872	139	27
873	145	27
874	152	27
875	160	27
876	162	27
877	163	27
878	194	27
879	16	28
880	25	28
881	29	28
882	47	28
883	48	28
884	66	28
885	73	28
886	87	28
887	88	28
888	97	28
889	110	28
890	115	28
891	117	28
892	119	28
893	120	28
894	122	28
895	124	28
896	127	28
897	130	28
898	131	28
899	132	28
900	135	28
901	139	28
902	140	28
903	142	28
904	143	28
905	145	28
906	152	28
907	160	28
908	162	28
909	163	28
910	173	28
911	174	28
912	191	28
913	193	28
914	194	28
915	195	28
916	196	28
917	197	28
918	208	28
919	209	28
920	210	28
921	225	28
922	229	28
923	248	28
924	16	29
925	19	29
926	20	29
927	25	29
928	29	29
929	48	29
930	51	29
931	52	29
932	54	29
933	56	29
934	58	29
935	64	29
936	66	29
937	67	29
938	76	29
939	81	29
940	82	29
941	83	29
942	85	29
943	86	29
944	87	29
945	89	29
946	93	29
947	95	29
948	96	29
949	97	29
950	105	29
951	106	29
952	107	29
953	113	29
954	114	29
955	115	29
956	116	29
957	117	29
958	118	29
959	119	29
960	120	29
961	122	29
962	123	29
963	124	29
964	127	29
965	128	29
966	129	29
967	130	29
968	131	29
969	132	29
970	135	29
971	137	29
972	138	29
973	139	29
974	142	29
975	145	29
976	146	29
977	147	29
978	149	29
979	151	29
980	152	29
981	153	29
982	154	29
983	157	29
984	159	29
985	160	29
986	162	29
987	163	29
988	164	29
989	167	29
990	170	29
991	173	29
992	174	29
993	175	29
994	176	29
995	177	29
996	179	29
997	190	29
998	191	29
999	192	29
1000	193	29
1001	194	29
1002	195	29
1003	196	29
1004	197	29
1005	207	29
1006	208	29
1007	209	29
1008	210	29
1009	212	29
1010	213	29
1011	214	29
1012	215	29
1013	216	29
1014	217	29
1015	218	29
1016	219	29
1017	220	29
1018	221	29
1019	222	29
1020	223	29
1021	225	29
1022	226	29
1023	227	29
1024	228	29
1025	229	29
1026	232	29
1027	233	29
1028	234	29
1029	238	29
1030	243	29
1031	245	29
1032	247	29
1033	248	29
1034	16	30
1035	29	30
1036	40	30
1037	107	30
1038	146	30
1039	150	30
1040	152	30
1041	224	30
1042	225	30
1043	249	30
1044	16	31
1045	29	31
1046	52	31
1047	107	31
1048	149	31
1049	150	31
1050	152	31
1051	212	31
1052	224	31
1053	249	31
1054	16	32
1055	20	32
1056	29	32
1057	33	32
1058	40	32
1059	52	32
1060	54	32
1061	72	32
1062	73	32
1063	97	32
1064	98	32
1065	99	32
1066	114	32
1067	115	32
1068	116	32
1069	117	32
1070	119	32
1071	120	32
1072	135	32
1073	137	32
1074	138	32
1075	140	32
1076	141	32
1077	144	32
1078	146	32
1079	152	32
1080	156	32
1081	176	32
1082	177	32
1083	179	32
1084	191	32
1085	192	32
1086	193	32
1087	208	32
1088	217	32
1089	225	32
1090	236	32
1091	237	32
1092	238	32
1093	247	32
1094	248	32
1095	16	33
1096	20	33
1097	29	33
1098	33	33
1099	35	33
1100	40	33
1101	45	33
1102	48	33
1103	52	33
1104	54	33
1105	64	33
1106	67	33
1107	72	33
1108	75	33
1109	76	33
1110	78	33
1111	80	33
1112	81	33
1113	87	33
1114	88	33
1115	89	33
1116	95	33
1117	96	33
1118	97	33
1119	98	33
1120	99	33
1121	105	33
1122	106	33
1123	107	33
1124	113	33
1125	114	33
1126	115	33
1127	116	33
1128	117	33
1129	118	33
1130	119	33
1131	120	33
1132	121	33
1133	122	33
1134	123	33
1135	124	33
1136	127	33
1137	128	33
1138	129	33
1139	130	33
1140	131	33
1141	132	33
1142	135	33
1143	137	33
1144	138	33
1145	139	33
1146	140	33
1147	141	33
1148	144	33
1149	145	33
1150	146	33
1151	147	33
1152	149	33
1153	150	33
1154	151	33
1155	152	33
1156	153	33
1157	154	33
1158	162	33
1159	163	33
1160	164	33
1161	166	33
1162	168	33
1163	169	33
1164	170	33
1165	174	33
1166	177	33
1167	178	33
1168	179	33
1169	187	33
1170	191	33
1171	192	33
1172	193	33
1173	195	33
1174	196	33
1175	197	33
1176	207	33
1177	208	33
1178	209	33
1179	210	33
1180	214	33
1181	216	33
1182	217	33
1183	218	33
1184	219	33
1185	220	33
1186	221	33
1187	222	33
1188	223	33
1189	224	33
1190	225	33
1191	226	33
1192	227	33
1193	228	33
1194	229	33
1195	234	33
1196	235	33
1197	236	33
1198	237	33
1199	238	33
1200	239	33
1201	242	33
1202	243	33
1203	247	33
1204	248	33
1205	249	33
1206	16	34
1207	96	34
1208	106	34
1209	116	34
1210	123	34
1211	179	34
1212	248	34
1213	25	35
1214	35	35
1215	37	35
1216	40	35
1217	52	35
1218	114	35
1219	177	35
1220	178	35
1221	193	35
1222	247	35
1223	21	36
1224	25	36
1225	29	36
1226	33	36
1227	35	36
1228	37	36
1229	52	36
1230	61	36
1231	89	36
1232	106	36
1233	108	36
1234	114	36
1235	115	36
1236	116	36
1237	118	36
1238	120	36
1239	122	36
1240	123	36
1241	124	36
1242	130	36
1243	135	36
1244	137	36
1245	138	36
1246	140	36
1247	141	36
1248	145	36
1249	154	36
1250	159	36
1251	162	36
1252	163	36
1253	174	36
1254	177	36
1255	178	36
1256	190	36
1257	193	36
1258	194	36
1259	237	36
1260	238	36
1261	248	36
1262	25	37
1263	33	37
1264	35	37
1265	37	37
1266	40	37
1267	52	37
1268	53	37
1269	72	37
1270	76	37
1271	83	37
1272	89	37
1273	98	37
1274	99	37
1275	107	37
1276	114	37
1277	116	37
1278	118	37
1279	120	37
1280	121	37
1281	123	37
1282	124	37
1283	135	37
1284	137	37
1285	138	37
1286	140	37
1287	141	37
1288	144	37
1289	145	37
1290	154	37
1291	159	37
1292	162	37
1293	169	37
1294	177	37
1295	178	37
1296	179	37
1297	193	37
1298	197	37
1299	236	37
1300	237	37
1301	238	37
1302	247	37
1303	248	37
1304	25	38
1305	35	38
1306	37	38
1307	103	38
1308	120	38
1309	122	38
1310	123	38
1311	140	38
1312	152	38
1313	158	38
1314	177	38
1315	178	38
1316	193	38
1317	238	38
1318	16	39
1319	21	39
1320	35	39
1321	52	39
1322	84	39
1323	157	39
1324	159	39
1325	175	39
1326	176	39
1327	177	39
1328	178	39
1329	179	39
1330	182	39
1331	184	39
1332	185	39
1333	191	39
1334	192	39
1335	247	39
1336	248	39
1337	78	40
1338	80	40
1339	224	40
1340	80	41
1341	51	42
1342	58	42
1343	67	42
1344	74	42
1345	75	42
1346	79	42
1347	80	42
1348	81	42
1349	82	42
1350	96	42
1351	107	42
1352	131	42
1353	146	42
1354	167	42
1355	217	42
1356	219	42
1357	221	42
1358	225	42
1359	231	42
1360	232	42
1361	240	42
1362	243	42
1363	249	42
1364	51	43
1365	67	43
1366	74	43
1367	75	43
1368	79	43
1369	80	43
1370	81	43
1371	82	43
1372	96	43
1373	107	43
1374	131	43
1375	167	43
1376	217	43
1377	219	43
1378	221	43
1379	225	43
1380	231	43
1381	243	43
1382	249	43
1383	51	44
1384	67	44
1385	74	44
1386	79	44
1387	80	44
1388	81	44
1389	82	44
1390	96	44
1391	107	44
1392	131	44
1393	167	44
1394	217	44
1395	219	44
1396	221	44
1397	225	44
1398	231	44
1399	243	44
1400	249	44
1401	74	45
1402	79	45
1403	81	45
1404	82	45
1405	107	45
1406	167	45
1407	243	45
1408	249	45
1409	74	46
1410	79	46
1411	81	46
1412	82	46
1413	107	46
1414	167	46
1415	243	46
1416	249	46
1417	51	47
1418	74	47
1419	79	47
1420	81	47
1421	82	47
1422	107	47
1423	152	47
1424	167	47
1425	220	47
1426	243	47
1427	249	47
1428	51	48
1429	74	48
1430	79	48
1431	81	48
1432	82	48
1433	107	48
1434	167	48
1435	220	48
1436	243	48
1437	249	48
1438	66	49
1439	67	49
1440	74	49
1441	77	49
1442	79	49
1443	81	49
1444	82	49
1445	107	49
1446	147	49
1447	150	49
1448	151	49
1449	152	49
1450	155	49
1451	167	49
1452	195	49
1453	202	49
1454	213	49
1455	225	49
1456	231	49
1457	232	49
1458	241	49
1459	242	49
1460	243	49
1461	245	49
1462	249	49
1463	66	50
1464	67	50
1465	74	50
1466	77	50
1467	79	50
1468	81	50
1469	82	50
1470	107	50
1471	147	50
1472	150	50
1473	151	50
1474	152	50
1475	155	50
1476	167	50
1477	195	50
1478	211	50
1479	213	50
1480	225	50
1481	231	50
1482	232	50
1483	240	50
1484	242	50
1485	243	50
1486	245	50
1487	249	50
1488	74	51
1489	75	51
1490	79	51
1491	80	51
1492	81	51
1493	82	51
1494	107	51
1495	147	51
1496	150	51
1497	167	51
1498	211	51
1499	221	51
1500	223	51
1501	232	51
1502	243	51
1503	249	51
1504	71	52
1505	75	52
1506	79	52
1507	80	52
1508	71	53
1509	75	53
1510	79	53
1511	80	53
1512	71	54
1513	74	54
1514	75	54
1515	79	54
1516	80	54
1517	81	54
1518	82	54
1519	107	54
1520	150	54
1521	167	54
1522	243	54
1523	249	54
1524	74	55
1525	75	55
1526	79	55
1527	80	55
1528	81	55
1529	82	55
1530	107	55
1531	167	55
1532	213	55
1533	240	55
1534	242	55
1535	243	55
1536	249	55
1537	74	56
1538	75	56
1539	79	56
1540	80	56
1541	81	56
1542	82	56
1543	107	56
1544	167	56
1545	213	56
1546	240	56
1547	242	56
1548	243	56
1549	249	56
1550	57	57
1551	75	57
1552	79	57
1553	80	57
1554	213	57
1555	240	57
1556	242	57
1557	57	58
1558	75	58
1559	79	58
1560	80	58
1561	213	58
1562	240	58
1563	242	58
1564	51	59
1565	67	59
1566	79	59
1567	118	59
1568	226	59
1569	227	59
1570	228	59
1571	229	59
1572	51	60
1573	67	60
1574	74	60
1575	79	60
1576	81	60
1577	82	60
1578	107	60
1579	118	60
1580	167	60
1581	226	60
1582	227	60
1583	228	60
1584	229	60
1585	231	60
1586	243	60
1587	249	60
1588	51	61
1589	79	61
1590	118	61
1591	226	61
1592	227	61
1593	228	61
1594	229	61
1595	51	62
1596	74	62
1597	79	62
1598	81	62
1599	82	62
1600	107	62
1601	118	62
1602	167	62
1603	226	62
1604	227	62
1605	228	62
1606	229	62
1607	243	62
1608	249	62
1609	75	63
1610	79	63
1611	80	63
1612	75	64
1613	79	64
1614	80	64
1615	107	64
1616	167	64
1617	57	65
1618	75	65
1619	78	65
1620	79	65
1621	80	65
1622	240	65
1623	242	65
1624	245	65
1625	57	66
1626	75	66
1627	78	66
1628	79	66
1629	80	66
1630	240	66
1631	242	66
1632	245	66
1633	57	67
1634	71	67
1635	75	67
1636	78	67
1637	79	67
1638	80	67
1639	213	67
1640	232	67
1641	240	67
1642	242	67
1643	245	67
1644	57	68
1645	75	68
1646	78	68
1647	79	68
1648	80	68
1649	107	68
1650	167	68
1651	240	68
1652	242	68
1653	245	68
1654	57	69
1655	74	69
1656	75	69
1657	77	69
1658	78	69
1659	79	69
1660	80	69
1661	81	69
1662	82	69
1663	167	69
1664	240	69
1665	242	69
1666	243	69
1667	245	69
1668	249	69
1669	57	70
1670	63	70
1671	75	70
1672	78	70
1673	79	70
1674	80	70
1675	107	70
1676	213	70
1677	240	70
1678	242	70
1679	245	70
1680	57	71
1681	75	71
1682	78	71
1683	79	71
1684	80	71
1685	240	71
1686	242	71
1687	245	71
1688	57	72
1689	75	72
1690	78	72
1691	79	72
1692	80	72
1693	240	72
1694	242	72
1695	245	72
1696	57	73
1697	75	73
1698	78	73
1699	79	73
1700	80	73
1701	242	73
1702	245	73
1703	75	74
1704	76	74
1705	79	74
1706	80	74
1707	242	74
1708	80	75
1709	242	75
1710	80	76
1711	242	76
1712	75	77
1713	76	77
1714	80	77
1715	242	77
1716	80	78
1717	242	78
1718	75	79
1719	76	79
1720	80	79
1721	242	79
1722	75	81
1723	76	81
1724	79	81
1725	80	81
1726	242	81
1727	75	82
1728	76	82
1729	79	82
1730	80	82
1731	242	82
1732	74	83
1733	79	83
1734	81	83
1735	82	83
1736	107	83
1737	167	83
1738	220	83
1739	243	83
1740	249	83
1741	74	84
1742	79	84
1743	80	84
1744	81	84
1745	82	84
1746	107	84
1747	167	84
1748	220	84
1749	243	84
1750	249	84
1751	74	85
1752	79	85
1753	80	85
1754	81	85
1755	82	85
1756	107	85
1757	167	85
1758	220	85
1759	243	85
1760	249	85
1761	74	86
1762	79	86
1763	80	86
1764	81	86
1765	82	86
1766	107	86
1767	167	86
1768	220	86
1769	243	86
1770	249	86
1771	74	87
1772	79	87
1773	81	87
1774	82	87
1775	107	87
1776	167	87
1777	221	87
1778	243	87
1779	249	87
1780	51	88
1781	79	88
1782	221	88
1783	51	89
1784	74	89
1785	79	89
1786	81	89
1787	107	89
1788	167	89
1789	243	89
1790	249	89
1791	66	90
1792	67	90
1793	74	90
1794	75	90
1795	77	90
1796	79	90
1797	80	90
1798	81	90
1799	82	90
1800	107	90
1801	148	90
1802	167	90
1803	212	90
1804	213	90
1805	225	90
1806	240	90
1807	242	90
1808	243	90
1809	245	90
1810	249	90
1811	58	91
1812	66	91
1813	74	91
1814	75	91
1815	77	91
1816	79	91
1817	80	91
1818	81	91
1819	82	91
1820	107	91
1821	148	91
1822	167	91
1823	211	91
1824	212	91
1825	213	91
1826	240	91
1827	242	91
1828	243	91
1829	245	91
1830	249	91
1831	55	92
1832	56	92
1833	63	92
1834	67	92
1835	69	92
1836	73	92
1837	74	92
1838	77	92
1839	79	92
1840	81	92
1841	82	92
1842	107	92
1843	125	92
1844	126	92
1845	147	92
1846	148	92
1847	149	92
1848	150	92
1849	153	92
1850	167	92
1851	186	92
1852	196	92
1853	211	92
1854	212	92
1855	213	92
1856	217	92
1857	225	92
1858	231	92
1859	240	92
1860	242	92
1861	243	92
1862	245	92
1863	249	92
1864	74	93
1865	75	93
1866	77	93
1867	79	93
1868	80	93
1869	81	93
1870	82	93
1871	107	93
1872	148	93
1873	150	93
1874	167	93
1875	211	93
1876	212	93
1877	213	93
1878	240	93
1879	242	93
1880	243	93
1881	249	93
1882	74	94
1883	79	94
1884	80	94
1885	81	94
1886	82	94
1887	107	94
1888	152	94
1889	154	94
1890	167	94
1891	211	94
1892	217	94
1893	219	94
1894	243	94
1895	249	94
1896	75	95
1897	79	95
1898	80	95
1899	75	96
1900	76	96
1901	77	96
1902	80	96
1903	81	96
1904	224	96
1905	242	96
1906	75	97
1907	79	97
1908	80	97
1909	152	97
1910	75	98
1911	79	98
1912	80	98
1913	146	98
1914	148	98
1915	152	98
1916	224	98
1917	240	98
1918	75	99
1919	79	99
1920	80	99
1921	146	99
1922	148	99
1923	152	99
1924	224	99
1925	240	99
1926	74	100
1927	75	100
1928	77	100
1929	79	100
1930	80	100
1931	81	100
1932	82	100
1933	107	100
1934	167	100
1935	213	100
1936	223	100
1937	243	100
1938	249	100
1939	51	101
1940	56	101
1941	58	101
1942	63	101
1943	67	101
1944	73	101
1945	74	101
1946	77	101
1947	79	101
1948	81	101
1949	82	101
1950	96	101
1951	107	101
1952	152	101
1953	167	101
1954	211	101
1955	213	101
1956	225	101
1957	242	101
1958	243	101
1959	244	101
1960	249	101
1961	51	102
1962	56	102
1963	58	102
1964	63	102
1965	67	102
1966	73	102
1967	74	102
1968	77	102
1969	79	102
1970	81	102
1971	82	102
1972	96	102
1973	107	102
1974	152	102
1975	211	102
1976	225	102
1977	242	102
1978	243	102
1979	244	102
1980	249	102
1981	75	103
1982	79	103
1983	80	103
1984	75	104
1985	79	104
1986	80	104
1987	146	104
1988	230	104
1989	74	105
1990	75	105
1991	79	105
1992	80	105
1993	81	105
1994	82	105
1995	107	105
1996	167	105
1997	243	105
1998	249	105
1999	74	106
2000	75	106
2001	79	106
2002	80	106
2003	81	106
2004	82	106
2005	107	106
2006	167	106
2007	243	106
2008	249	106
2009	80	107
2010	51	108
2011	64	108
2012	79	108
2013	113	108
2014	146	108
2015	163	108
2016	220	108
2017	51	109
2018	79	109
2019	113	109
2020	146	109
2021	51	110
2022	79	110
2023	113	110
2024	146	110
2025	74	111
2026	79	111
2027	81	111
2028	82	111
2029	107	111
2030	167	111
2031	243	111
2032	249	111
2033	74	112
2034	79	112
2035	81	112
2036	82	112
2037	107	112
2038	167	112
2039	243	112
2040	249	112
2041	74	113
2042	75	113
2043	79	113
2044	80	113
2045	81	113
2046	82	113
2047	107	113
2048	167	113
2049	243	113
2050	249	113
2051	75	114
2052	79	114
2053	80	114
2054	74	115
2055	75	115
2056	79	115
2057	80	115
2058	81	115
2059	82	115
2060	107	115
2061	167	115
2062	243	115
2063	249	115
2064	75	116
2065	79	116
2066	80	116
2067	147	116
2068	150	116
2069	212	116
2070	220	116
2071	231	116
2072	240	116
2073	245	116
2074	51	117
2075	71	117
2076	74	117
2077	75	117
2078	79	117
2079	80	117
2080	81	117
2081	82	117
2082	107	117
2083	146	117
2084	147	117
2085	148	117
2086	150	117
2087	165	117
2088	167	117
2089	171	117
2090	212	117
2091	220	117
2092	225	117
2093	231	117
2094	240	117
2095	243	117
2096	245	117
2097	249	117
2098	45	118
2099	74	118
2100	75	118
2101	77	118
2102	79	118
2103	80	118
2104	81	118
2105	82	118
2106	107	118
2107	147	118
2108	150	118
2109	167	118
2110	212	118
2111	220	118
2112	231	118
2113	240	118
2114	243	118
2115	245	118
2116	249	118
2117	74	119
2118	75	119
2119	77	119
2120	79	119
2121	80	119
2122	81	119
2123	82	119
2124	107	119
2125	147	119
2126	150	119
2127	167	119
2128	212	119
2129	220	119
2130	231	119
2131	240	119
2132	243	119
2133	245	119
2134	249	119
2135	51	120
2136	74	120
2137	75	120
2138	77	120
2139	79	120
2140	80	120
2141	81	120
2142	82	120
2143	107	120
2144	146	120
2145	147	120
2146	150	120
2147	167	120
2148	212	120
2149	220	120
2150	225	120
2151	230	120
2152	231	120
2153	232	120
2154	240	120
2155	243	120
2156	245	120
2157	249	120
2158	75	121
2159	79	121
2160	80	121
2161	147	121
2162	150	121
2163	212	121
2164	220	121
2165	231	121
2166	240	121
2167	245	121
2168	75	122
2169	79	122
2170	80	122
2171	147	122
2172	150	122
2173	212	122
2174	220	122
2175	231	122
2176	240	122
2177	245	122
2178	75	123
2179	79	123
2180	80	123
2181	146	123
2182	147	123
2183	150	123
2184	212	123
2185	220	123
2186	231	123
2187	240	123
2188	245	123
2189	75	124
2190	79	124
2191	80	124
2192	147	124
2193	148	124
2194	150	124
2195	212	124
2196	220	124
2197	231	124
2198	240	124
2199	245	124
2200	74	125
2201	75	125
2202	77	125
2203	79	125
2204	80	125
2205	81	125
2206	82	125
2207	107	125
2208	167	125
2209	212	125
2210	242	125
2211	243	125
2212	249	125
2213	74	126
2214	75	126
2215	77	126
2216	79	126
2217	80	126
2218	81	126
2219	82	126
2220	107	126
2221	167	126
2222	212	126
2223	213	126
2224	242	126
2225	243	126
2226	249	126
2227	74	127
2228	75	127
2229	79	127
2230	80	127
2231	81	127
2232	82	127
2233	107	127
2234	146	127
2235	150	127
2236	151	127
2237	167	127
2238	225	127
2239	232	127
2240	243	127
2241	249	127
2242	51	128
2243	74	128
2244	79	128
2245	81	128
2246	82	128
2247	107	128
2248	150	128
2249	151	128
2250	167	128
2251	220	128
2252	225	128
2253	232	128
2254	243	128
2255	249	128
2256	74	129
2257	75	129
2258	79	129
2259	80	129
2260	81	129
2261	82	129
2262	107	129
2263	150	129
2264	151	129
2265	167	129
2266	225	129
2267	232	129
2268	243	129
2269	249	129
2270	51	130
2271	74	130
2272	75	130
2273	79	130
2274	80	130
2275	81	130
2276	82	130
2277	107	130
2278	150	130
2279	151	130
2280	167	130
2281	225	130
2282	232	130
2283	243	130
2284	249	130
2285	74	131
2286	75	131
2287	79	131
2288	80	131
2289	81	131
2290	82	131
2291	107	131
2292	150	131
2293	151	131
2294	167	131
2295	225	131
2296	232	131
2297	243	131
2298	249	131
2299	51	132
2300	66	132
2301	74	132
2302	75	132
2303	79	132
2304	80	132
2305	81	132
2306	82	132
2307	107	132
2308	150	132
2309	151	132
2310	167	132
2311	225	132
2312	232	132
2313	243	132
2314	249	132
2315	75	133
2316	79	133
2317	80	133
2318	75	134
2319	79	134
2320	80	134
2321	75	135
2322	79	135
2323	80	135
2324	147	135
2325	213	135
2326	74	136
2327	75	136
2328	79	136
2329	80	136
2330	81	136
2331	82	136
2332	107	136
2333	150	136
2334	167	136
2335	213	136
2336	225	136
2337	243	136
2338	249	136
2339	74	137
2340	75	137
2341	79	137
2342	80	137
2343	81	137
2344	82	137
2345	107	137
2346	154	137
2347	167	137
2348	213	137
2349	225	137
2350	243	137
2351	249	137
2352	74	138
2353	75	138
2354	79	138
2355	80	138
2356	81	138
2357	82	138
2358	107	138
2359	146	138
2360	154	138
2361	167	138
2362	213	138
2363	225	138
2364	243	138
2365	249	138
2366	65	139
2367	74	139
2368	79	139
2369	81	139
2370	82	139
2371	107	139
2372	154	139
2373	167	139
2374	213	139
2375	243	139
2376	249	139
2377	75	140
2378	79	140
2379	80	140
2380	113	140
2381	154	140
2382	213	140
2383	74	141
2384	75	141
2385	79	141
2386	80	141
2387	81	141
2388	82	141
2389	107	141
2390	154	141
2391	167	141
2392	213	141
2393	243	141
2394	249	141
2395	74	142
2396	75	142
2397	79	142
2398	80	142
2399	81	142
2400	82	142
2401	107	142
2402	167	142
2403	213	142
2404	243	142
2405	249	142
2406	74	143
2407	79	143
2408	81	143
2409	82	143
2410	107	143
2411	167	143
2412	213	143
2413	243	143
2414	249	143
2415	75	144
2416	79	144
2417	80	144
2418	213	144
2419	51	145
2420	74	145
2421	79	145
2422	81	145
2423	82	145
2424	107	145
2425	113	145
2426	167	145
2427	213	145
2428	232	145
2429	243	145
2430	249	145
2431	75	146
2432	79	146
2433	80	146
2434	212	146
2435	225	146
2436	75	147
2437	79	147
2438	80	147
2439	212	147
2440	225	147
2441	75	148
2442	79	148
2443	80	148
2444	212	148
2445	225	148
2446	75	149
2447	79	149
2448	80	149
2449	165	149
2450	212	149
2451	225	149
2452	75	150
2453	79	150
2454	80	150
2455	212	150
2456	225	150
2457	74	151
2458	75	151
2459	79	151
2460	80	151
2461	81	151
2462	82	151
2463	107	151
2464	167	151
2465	212	151
2466	225	151
2467	243	151
2468	249	151
2469	75	152
2470	79	152
2471	80	152
2472	212	152
2473	225	152
2474	65	153
2475	75	153
2476	79	153
2477	80	153
2478	212	153
2479	225	153
2480	240	153
2481	75	154
2482	79	154
2483	80	154
2484	146	154
2485	75	155
2486	80	155
2487	242	155
2488	75	156
2489	79	156
2490	80	156
2491	232	156
2492	75	157
2493	79	157
2494	80	157
2495	232	157
2496	75	158
2497	79	158
2498	80	158
2499	232	158
2500	74	159
2501	75	159
2502	79	159
2503	80	159
2504	81	159
2505	82	159
2506	107	159
2507	147	159
2508	167	159
2509	221	159
2510	222	159
2511	223	159
2512	225	159
2513	231	159
2514	232	159
2515	243	159
2516	249	159
2517	67	160
2518	74	160
2519	75	160
2520	79	160
2521	80	160
2522	81	160
2523	82	160
2524	104	160
2525	107	160
2526	116	160
2527	146	160
2528	167	160
2529	221	160
2530	232	160
2531	243	160
2532	249	160
2533	58	161
2534	74	161
2535	75	161
2536	79	161
2537	80	161
2538	81	161
2539	82	161
2540	107	161
2541	167	161
2542	212	161
2543	243	161
2544	249	161
2545	67	162
2546	74	162
2547	75	162
2548	79	162
2549	80	162
2550	81	162
2551	82	162
2552	107	162
2553	167	162
2554	223	162
2555	243	162
2556	249	162
2557	51	163
2558	67	163
2559	74	163
2560	75	163
2561	79	163
2562	80	163
2563	81	163
2564	82	163
2565	104	163
2566	107	163
2567	146	163
2568	150	163
2569	167	163
2570	211	163
2571	225	163
2572	243	163
2573	249	163
2574	74	164
2575	75	164
2576	79	164
2577	80	164
2578	81	164
2579	82	164
2580	107	164
2581	167	164
2582	225	164
2583	240	164
2584	243	164
2585	249	164
2586	74	165
2587	75	165
2588	79	165
2589	80	165
2590	81	165
2591	82	165
2592	107	165
2593	147	165
2594	150	165
2595	167	165
2596	223	165
2597	225	165
2598	243	165
2599	249	165
2600	75	166
2601	79	166
2602	80	166
2603	223	166
2604	225	166
2605	75	167
2606	80	167
2607	81	167
2608	242	167
2609	75	168
2610	76	168
2611	77	168
2612	79	168
2613	80	168
2614	74	169
2615	75	169
2616	79	169
2617	80	169
2618	81	169
2619	82	169
2620	107	169
2621	150	169
2622	167	169
2623	243	169
2624	249	169
2625	74	170
2626	75	170
2627	79	170
2628	80	170
2629	81	170
2630	82	170
2631	107	170
2632	150	170
2633	167	170
2634	243	170
2635	249	170
2636	75	171
2637	79	171
2638	80	171
2639	150	171
2640	74	172
2641	79	172
2642	81	172
2643	82	172
2644	96	172
2645	107	172
2646	167	172
2647	243	172
2648	249	172
2649	74	173
2650	79	173
2651	81	173
2652	82	173
2653	96	173
2654	107	173
2655	167	173
2656	243	173
2657	249	173
2658	79	174
2659	96	174
2660	75	175
2661	79	175
2662	80	175
2663	75	176
2664	79	176
2665	80	176
2666	225	176
2667	75	177
2668	79	177
2669	80	177
2670	75	178
2671	79	178
2672	80	178
2673	75	179
2674	79	179
2675	80	179
2676	74	180
2677	79	180
2678	80	180
2679	81	180
2680	82	180
2681	107	180
2682	167	180
2683	243	180
2684	249	180
2685	79	181
2686	75	182
2687	79	182
2688	80	182
2689	218	182
2690	75	183
2691	79	183
2692	80	183
2693	150	183
2694	218	183
2695	75	184
2696	79	184
2697	80	184
2698	75	185
2699	79	185
2700	80	185
2701	74	186
2702	75	186
2703	79	186
2704	80	186
2705	81	186
2706	82	186
2707	107	186
2708	167	186
2709	220	186
2710	232	186
2711	243	186
2712	249	186
2713	74	187
2714	75	187
2715	79	187
2716	80	187
2717	81	187
2718	82	187
2719	107	187
2720	167	187
2721	243	187
2722	249	187
2723	51	188
2724	74	188
2725	79	188
2726	81	188
2727	82	188
2728	107	188
2729	167	188
2730	213	188
2731	225	188
2732	232	188
2733	243	188
2734	249	188
2735	74	189
2736	75	189
2737	79	189
2738	80	189
2739	81	189
2740	82	189
2741	107	189
2742	147	189
2743	167	189
2744	213	189
2745	225	189
2746	232	189
2747	243	189
2748	249	189
2749	74	190
2750	75	190
2751	79	190
2752	80	190
2753	81	190
2754	82	190
2755	107	190
2756	167	190
2757	225	190
2758	243	190
2759	249	190
2760	51	191
2761	74	191
2762	75	191
2763	79	191
2764	80	191
2765	81	191
2766	82	191
2767	107	191
2768	147	191
2769	167	191
2770	225	191
2771	231	191
2772	232	191
2773	243	191
2774	249	191
2775	51	192
2776	74	192
2777	79	192
2778	81	192
2779	82	192
2780	107	192
2781	167	192
2782	225	192
2783	232	192
2784	243	192
2785	249	192
2786	51	193
2787	67	193
2788	74	193
2789	79	193
2790	81	193
2791	82	193
2792	107	193
2793	167	193
2794	225	193
2795	231	193
2796	232	193
2797	243	193
2798	249	193
2799	51	194
2800	74	194
2801	79	194
2802	81	194
2803	82	194
2804	107	194
2805	167	194
2806	225	194
2807	232	194
2808	243	194
2809	249	194
2810	71	195
2811	75	195
2812	79	195
2813	80	195
2814	74	196
2815	75	196
2816	79	196
2817	80	196
2818	81	196
2819	82	196
2820	107	196
2821	167	196
2822	225	196
2823	243	196
2824	67	197
2825	75	197
2826	79	197
2827	80	197
2828	147	197
2829	148	197
2830	150	197
2831	166	197
2832	221	197
2833	223	197
2834	225	197
2835	231	197
2836	232	197
2837	240	197
2838	249	197
2839	67	198
2840	74	198
2841	75	198
2842	79	198
2843	80	198
2844	81	198
2845	82	198
2846	107	198
2847	147	198
2848	148	198
2849	150	198
2850	166	198
2851	167	198
2852	221	198
2853	223	198
2854	225	198
2855	231	198
2856	232	198
2857	240	198
2858	243	198
2859	67	199
2860	75	199
2861	79	199
2862	80	199
2863	147	199
2864	148	199
2865	150	199
2866	166	199
2867	221	199
2868	223	199
2869	225	199
2870	231	199
2871	232	199
2872	240	199
2873	249	199
2874	67	200
2875	74	200
2876	75	200
2877	79	200
2878	80	200
2879	81	200
2880	82	200
2881	147	200
2882	148	200
2883	150	200
2884	166	200
2885	221	200
2886	223	200
2887	225	200
2888	231	200
2889	232	200
2890	240	200
2891	243	200
2892	67	201
2893	75	201
2894	79	201
2895	80	201
2896	146	201
2897	147	201
2898	148	201
2899	150	201
2900	166	201
2901	221	201
2902	223	201
2903	225	201
2904	231	201
2905	232	201
2906	240	201
2907	249	201
2908	65	202
2909	67	202
2910	74	202
2911	75	202
2912	79	202
2913	80	202
2914	81	202
2915	82	202
2916	107	202
2917	147	202
2918	148	202
2919	150	202
2920	167	202
2921	221	202
2922	222	202
2923	223	202
2924	225	202
2925	231	202
2926	232	202
2927	240	202
2928	243	202
2929	65	203
2930	67	203
2931	75	203
2932	79	203
2933	80	203
2934	147	203
2935	148	203
2936	150	203
2937	221	203
2938	222	203
2939	223	203
2940	225	203
2941	231	203
2942	232	203
2943	240	203
2944	249	203
2945	65	204
2946	67	204
2947	74	204
2948	75	204
2949	79	204
2950	80	204
2951	81	204
2952	82	204
2953	107	204
2954	147	204
2955	148	204
2956	150	204
2957	167	204
2958	221	204
2959	222	204
2960	223	204
2961	225	204
2962	231	204
2963	232	204
2964	240	204
2965	243	204
2966	249	204
2967	65	205
2968	67	205
2969	75	205
2970	79	205
2971	80	205
2972	147	205
2973	148	205
2974	150	205
2975	221	205
2976	222	205
2977	223	205
2978	225	205
2979	231	205
2980	232	205
2981	240	205
2982	65	206
2983	67	206
2984	75	206
2985	79	206
2986	80	206
2987	147	206
2988	148	206
2989	150	206
2990	221	206
2991	222	206
2992	223	206
2993	225	206
2994	231	206
2995	232	206
2996	240	206
2997	74	207
2998	75	207
2999	79	207
3000	80	207
3001	81	207
3002	82	207
3003	107	207
3004	167	207
3005	243	207
3006	249	207
3007	74	208
3008	75	208
3009	79	208
3010	80	208
3011	81	208
3012	82	208
3013	107	208
3014	167	208
3015	243	208
3016	249	208
3017	74	209
3018	75	209
3019	79	209
3020	80	209
3021	81	209
3022	82	209
3023	107	209
3024	167	209
3025	231	209
3026	243	209
3027	249	209
3028	74	210
3029	75	210
3030	79	210
3031	80	210
3032	81	210
3033	82	210
3034	107	210
3035	167	210
3036	243	210
3037	249	210
3038	75	211
3039	76	211
3040	78	211
3041	79	211
3042	80	211
3043	212	211
3044	242	211
3045	75	212
3046	76	212
3047	78	212
3048	79	212
3049	80	212
3050	212	212
3051	242	212
3052	75	213
3053	76	213
3054	78	213
3055	79	213
3056	80	213
3057	212	213
3058	242	213
3059	75	214
3060	79	214
3061	80	214
3062	147	214
3063	74	215
3064	75	215
3065	79	215
3066	80	215
3067	81	215
3068	82	215
3069	107	215
3070	147	215
3071	167	215
3072	243	215
3073	249	215
3074	46	216
3075	79	216
3076	147	216
3077	75	217
3078	79	217
3079	80	217
3080	96	217
3081	146	217
3082	147	217
3083	74	218
3084	77	218
3085	79	218
3086	81	218
3087	82	218
3088	107	218
3089	147	218
3090	167	218
3091	243	218
3092	249	218
3093	75	219
3094	79	219
3095	80	219
3096	147	219
3097	212	219
3098	232	219
3099	74	220
3100	75	220
3101	79	220
3102	80	220
3103	81	220
3104	82	220
3105	107	220
3106	147	220
3107	150	220
3108	167	220
3109	212	220
3110	232	220
3111	243	220
3112	249	220
3113	74	221
3114	75	221
3115	79	221
3116	80	221
3117	81	221
3118	82	221
3119	107	221
3120	147	221
3121	150	221
3122	167	221
3123	212	221
3124	225	221
3125	232	221
3126	243	221
3127	249	221
3128	75	222
3129	79	222
3130	80	222
3131	212	222
3132	232	222
3133	75	223
3134	79	223
3135	80	223
3136	212	223
3137	232	223
3138	75	224
3139	80	224
3140	232	224
3141	75	225
3142	79	225
3143	80	225
3144	212	225
3145	232	225
3146	74	226
3147	79	226
3148	81	226
3149	82	226
3150	107	226
3151	147	226
3152	167	226
3153	232	226
3154	243	226
3155	249	226
3156	74	227
3157	79	227
3158	81	227
3159	82	227
3160	107	227
3161	147	227
3162	167	227
3163	232	227
3164	243	227
3165	249	227
3166	74	228
3167	77	228
3168	79	228
3169	81	228
3170	82	228
3171	107	228
3172	147	228
3173	167	228
3174	232	228
3175	243	228
3176	249	228
3177	74	229
3178	79	229
3179	81	229
3180	82	229
3181	107	229
3182	147	229
3183	167	229
3184	225	229
3185	232	229
3186	243	229
3187	249	229
3188	75	230
3189	79	230
3190	80	230
3191	232	230
3192	75	231
3193	79	231
3194	80	231
3195	212	231
3196	232	231
3197	75	232
3198	79	232
3199	80	232
3200	212	232
3201	232	232
3202	74	233
3203	75	233
3204	79	233
3205	80	233
3206	81	233
3207	82	233
3208	212	233
3209	232	233
3210	243	233
3211	249	233
3212	74	234
3213	75	234
3214	79	234
3215	81	234
3216	82	234
3217	107	234
3218	147	234
3219	167	234
3220	212	234
3221	232	234
3222	243	234
3223	245	234
3224	249	234
3225	79	235
3226	80	235
3227	71	236
3228	75	236
3229	79	236
3230	80	236
3231	71	237
3232	75	237
3233	79	237
3234	80	237
3235	71	238
3236	75	238
3237	79	238
3238	80	238
3239	74	239
3240	75	239
3241	79	239
3242	80	239
3243	81	239
3244	82	239
3245	107	239
3246	243	239
3247	249	239
3248	75	240
3249	79	240
3250	80	240
3251	242	240
3252	75	241
3253	79	241
3254	80	241
3255	240	241
3256	242	241
3257	80	242
3258	75	243
3259	76	243
3260	79	243
3261	80	243
3262	242	243
3263	74	244
3264	75	244
3265	79	244
3266	80	244
3267	81	244
3268	82	244
3269	151	244
3270	225	244
3271	240	244
3272	243	244
3273	249	244
3274	75	245
3275	79	245
3276	80	245
3277	151	245
3278	225	245
3279	232	245
3280	240	245
3281	74	246
3282	75	246
3283	79	246
3284	80	246
3285	81	246
3286	82	246
3287	107	246
3288	151	246
3289	167	246
3290	225	246
3291	240	246
3292	243	246
3293	249	246
3294	79	247
3295	107	247
3296	167	247
3297	240	247
3298	74	248
3299	79	248
3300	81	248
3301	82	248
3302	107	248
3303	146	248
3304	167	248
3305	168	248
3306	221	248
3307	243	248
3308	249	248
3309	75	249
3310	76	249
3311	79	249
3312	80	249
3313	242	249
