	Predator	Prey 
1	529	1
2	560	1
3	31	2
4	489	2
5	541	3
6	560	6
7	136	7
8	289	7
9	333	7
10	542	7
11	560	8
12	542	9
13	289	10
14	449	12
15	560	13
16	31	16
17	32	16
18	58	16
19	125	16
20	126	16
21	127	16
22	128	16
23	129	16
24	131	16
25	136	16
26	142	16
27	143	16
28	144	16
29	145	16
30	202	16
31	213	16
32	217	16
33	218	16
34	219	16
35	256	16
36	270	16
37	325	16
38	333	16
39	382	16
40	439	16
41	440	16
42	462	16
43	466	16
44	467	16
45	468	16
46	469	16
47	470	16
48	517	16
49	541	16
50	542	16
51	137	19
52	423	20
53	412	21
54	22	22
55	88	22
56	233	22
57	278	22
58	367	22
59	417	22
60	432	22
61	131	23
62	256	23
63	484	23
64	540	23
65	542	23
66	131	24
67	541	25
68	462	26
69	58	27
70	81	27
71	125	27
72	126	27
73	127	27
74	128	27
75	129	27
76	142	27
77	143	27
78	144	27
79	145	27
80	213	27
81	217	27
82	218	27
83	219	27
84	228	27
85	246	27
86	268	27
87	295	27
88	325	27
89	333	27
90	395	27
91	466	27
92	467	27
93	468	27
94	469	27
95	470	27
96	491	27
97	1	28
98	2	28
99	11	28
100	14	28
101	15	28
102	16	28
103	17	28
104	18	28
105	27	28
106	28	28
107	31	28
108	62	28
109	68	28
110	70	28
111	78	28
112	81	28
113	104	28
114	109	28
115	111	28
116	113	28
117	118	28
118	121	28
119	122	28
120	142	28
121	151	28
122	157	28
123	163	28
124	171	28
125	175	28
126	176	28
127	178	28
128	179	28
129	180	28
130	183	28
131	189	28
132	190	28
133	191	28
134	194	28
135	229	28
136	236	28
137	252	28
138	253	28
139	300	28
140	301	28
141	302	28
142	315	28
143	323	28
144	324	28
145	327	28
146	328	28
147	330	28
148	332	28
149	344	28
150	379	28
151	380	28
152	383	28
153	384	28
154	407	28
155	409	28
156	410	28
157	411	28
158	416	28
159	421	28
160	424	28
161	451	28
162	461	28
163	475	28
164	476	28
165	478	28
166	479	28
167	492	28
168	494	28
169	497	28
170	500	28
171	501	28
172	502	28
173	503	28
174	504	28
175	505	28
176	516	28
177	519	28
178	520	28
179	521	28
180	523	28
181	526	28
182	546	28
183	548	28
184	556	28
185	557	28
186	558	28
187	569	28
188	584	28
189	131	29
190	136	29
191	137	29
192	541	29
193	542	29
194	541	30
195	306	32
196	307	32
197	517	33
198	540	33
199	75	34
200	246	34
201	306	34
202	307	34
203	228	35
204	334	35
205	393	35
206	542	36
207	334	37
208	131	38
209	560	39
210	560	41
211	560	43
212	439	44
213	440	44
214	560	51
215	34	53
216	334	53
217	228	54
218	256	55
219	131	56
220	136	56
221	153	56
222	256	56
223	462	56
224	540	56
225	541	56
226	541	57
227	542	57
228	412	59
229	131	60
230	397	61
231	289	63
232	136	64
233	270	64
234	333	64
235	334	64
236	136	65
237	161	65
238	289	65
239	484	65
240	491	65
241	541	65
242	34	66
243	202	66
244	256	66
245	491	67
246	1	68
247	2	68
248	11	68
249	14	68
250	15	68
251	16	68
252	17	68
253	18	68
254	27	68
255	28	68
256	47	68
257	58	68
258	62	68
259	68	68
260	70	68
261	78	68
262	80	68
263	104	68
264	109	68
265	111	68
266	113	68
267	114	68
268	118	68
269	121	68
270	122	68
271	125	68
272	126	68
273	127	68
274	128	68
275	129	68
276	130	68
277	142	68
278	143	68
279	144	68
280	145	68
281	151	68
282	157	68
283	163	68
284	165	68
285	171	68
286	175	68
287	176	68
288	178	68
289	179	68
290	180	68
291	181	68
292	183	68
293	189	68
294	190	68
295	191	68
296	194	68
297	213	68
298	214	68
299	215	68
300	217	68
301	218	68
302	219	68
303	228	68
304	229	68
305	236	68
306	247	68
307	248	68
308	250	68
309	252	68
310	253	68
311	266	68
312	271	68
313	273	68
314	274	68
315	276	68
316	291	68
317	294	68
318	300	68
319	301	68
320	302	68
321	315	68
322	323	68
323	324	68
324	325	68
325	327	68
326	328	68
327	330	68
328	332	68
329	344	68
330	348	68
331	365	68
332	379	68
333	380	68
334	383	68
335	384	68
336	395	68
337	397	68
338	407	68
339	408	68
340	409	68
341	410	68
342	411	68
343	416	68
344	421	68
345	423	68
346	424	68
347	425	68
348	426	68
349	449	68
350	451	68
351	461	68
352	466	68
353	467	68
354	468	68
355	469	68
356	470	68
357	475	68
358	476	68
359	478	68
360	479	68
361	492	68
362	494	68
363	497	68
364	500	68
365	501	68
366	502	68
367	503	68
368	504	68
369	505	68
370	508	68
371	516	68
372	519	68
373	520	68
374	521	68
375	523	68
376	526	68
377	530	68
378	531	68
379	546	68
380	548	68
381	556	68
382	557	68
383	558	68
384	565	68
385	569	68
386	584	68
387	80	69
388	130	69
389	247	69
390	248	69
391	266	69
392	271	69
393	273	69
394	274	69
395	276	69
396	294	69
397	365	69
398	508	69
399	530	69
400	531	69
401	47	70
402	58	70
403	125	70
404	126	70
405	127	70
406	128	70
407	129	70
408	142	70
409	143	70
410	144	70
411	145	70
412	213	70
413	214	70
414	215	70
415	217	70
416	218	70
417	219	70
418	257	70
419	266	70
420	325	70
421	374	70
422	395	70
423	423	70
424	425	70
425	426	70
426	466	70
427	467	70
428	468	70
429	469	70
430	470	70
431	565	70
432	47	71
433	58	71
434	80	71
435	125	71
436	126	71
437	127	71
438	128	71
439	129	71
440	130	71
441	142	71
442	143	71
443	144	71
444	145	71
445	213	71
446	214	71
447	215	71
448	217	71
449	218	71
450	219	71
451	228	71
452	247	71
453	248	71
454	266	71
455	271	71
456	273	71
457	274	71
458	276	71
459	294	71
460	325	71
461	348	71
462	365	71
463	374	71
464	393	71
465	395	71
466	396	71
467	423	71
468	425	71
469	426	71
470	462	71
471	466	71
472	467	71
473	468	71
474	469	71
475	470	71
476	508	71
477	530	71
478	531	71
479	4	72
480	5	72
481	42	72
482	376	72
483	429	72
484	228	73
485	542	74
486	75	76
487	77	77
488	34	81
489	81	81
490	83	81
491	131	81
492	136	81
493	289	81
494	491	81
495	31	82
496	34	82
497	136	82
498	289	82
499	433	82
500	434	82
501	32	83
502	34	83
503	81	83
504	83	83
505	131	83
506	136	83
507	158	83
508	161	83
509	334	83
510	370	83
511	434	83
512	435	83
513	462	83
514	491	83
515	541	83
516	542	83
517	34	84
518	161	84
519	435	84
520	491	84
521	541	84
522	542	84
523	529	85
524	246	86
525	295	86
526	333	86
527	489	86
528	560	86
529	489	87
530	31	89
531	31	90
532	34	91
533	289	91
534	434	91
535	131	92
536	484	93
537	131	94
538	484	94
539	485	94
540	131	95
541	136	95
542	202	95
543	256	95
544	270	95
545	333	95
546	484	95
547	540	95
548	541	95
549	542	95
550	83	96
551	161	96
552	289	96
553	491	96
554	560	96
555	423	97
556	544	98
557	393	99
558	395	99
559	423	100
560	565	100
561	363	101
562	570	101
563	462	102
564	142	103
565	1	105
566	2	105
567	11	105
568	14	105
569	28	105
570	70	105
571	104	105
572	114	105
573	151	105
574	163	105
575	165	105
576	181	105
577	250	105
578	252	105
579	253	105
580	291	105
581	323	105
582	328	105
583	330	105
584	379	105
585	380	105
586	383	105
587	407	105
588	408	105
589	410	105
590	424	105
591	449	105
592	479	105
593	526	105
594	548	105
595	569	105
596	462	106
597	487	106
598	1	110
599	2	110
600	11	110
601	14	110
602	28	110
603	70	110
604	104	110
605	114	110
606	151	110
607	163	110
608	165	110
609	181	110
610	250	110
611	252	110
612	253	110
613	291	110
614	323	110
615	328	110
616	330	110
617	379	110
618	380	110
619	383	110
620	407	110
621	408	110
622	410	110
623	424	110
624	449	110
625	479	110
626	526	110
627	548	110
628	569	110
629	34	112
630	289	112
631	449	114
632	131	115
633	517	115
634	540	115
635	131	116
636	31	117
637	31	118
638	124	118
639	142	118
640	158	118
641	162	118
642	187	118
643	188	118
644	228	118
645	374	118
646	395	118
647	401	118
648	462	118
649	482	118
650	489	118
651	491	118
652	528	118
653	529	118
654	544	118
655	142	119
656	228	119
657	257	119
658	393	119
659	395	119
660	398	119
661	462	119
662	488	119
663	489	119
664	541	119
665	542	119
666	1	120
667	2	120
668	11	120
669	14	120
670	28	120
671	70	120
672	104	120
673	114	120
674	151	120
675	163	120
676	165	120
677	181	120
678	250	120
679	252	120
680	253	120
681	291	120
682	323	120
683	328	120
684	330	120
685	379	120
686	380	120
687	383	120
688	407	120
689	408	120
690	410	120
691	424	120
692	449	120
693	479	120
694	526	120
695	548	120
696	569	120
697	228	122
698	395	122
699	482	122
700	289	123
701	77	124
702	246	124
703	306	124
704	462	133
705	131	134
706	256	134
707	131	135
708	34	136
709	81	136
710	131	136
711	256	136
712	333	136
713	334	136
714	438	136
715	491	136
716	541	136
717	542	136
718	289	137
719	433	137
720	214	138
721	215	138
722	218	138
723	407	138
724	423	138
725	467	138
726	468	138
727	228	139
728	393	139
729	396	139
730	407	139
731	425	139
732	426	139
733	22	140
734	88	140
735	233	140
736	278	140
737	367	140
738	417	140
739	432	140
740	131	141
741	31	142
742	32	142
743	34	142
744	45	142
745	83	142
746	124	142
747	136	142
748	161	142
749	187	142
750	188	142
751	228	142
752	246	142
753	289	142
754	333	142
755	334	142
756	374	142
757	393	142
758	395	142
759	401	142
760	433	142
761	462	142
762	482	142
763	488	142
764	489	142
765	491	142
766	528	142
767	529	142
768	541	142
769	544	142
770	31	143
771	32	143
772	34	143
773	83	143
774	124	143
775	136	143
776	158	143
777	161	143
778	162	143
779	187	143
780	188	143
781	228	143
782	333	143
783	334	143
784	374	143
785	393	143
786	395	143
787	401	143
788	433	143
789	438	143
790	439	143
791	440	143
792	462	143
793	482	143
794	489	143
795	491	143
796	528	143
797	529	143
798	541	143
799	544	143
800	34	145
801	158	145
802	161	145
803	162	145
804	228	145
805	334	145
806	438	145
807	268	146
808	560	147
809	257	148
810	462	149
811	487	149
812	34	150
813	31	151
814	489	151
815	489	152
816	462	154
817	1	155
818	2	155
819	11	155
820	14	155
821	28	155
822	70	155
823	104	155
824	114	155
825	151	155
826	163	155
827	165	155
828	181	155
829	250	155
830	252	155
831	253	155
832	291	155
833	323	155
834	328	155
835	330	155
836	379	155
837	380	155
838	383	155
839	407	155
840	408	155
841	410	155
842	424	155
843	449	155
844	479	155
845	526	155
846	548	155
847	569	155
848	124	156
849	246	161
850	306	161
851	307	161
852	1	163
853	2	163
854	11	163
855	14	163
856	15	163
857	16	163
858	17	163
859	18	163
860	27	163
861	28	163
862	58	163
863	62	163
864	68	163
865	70	163
866	78	163
867	80	163
868	104	163
869	109	163
870	111	163
871	113	163
872	118	163
873	121	163
874	122	163
875	125	163
876	126	163
877	127	163
878	128	163
879	129	163
880	130	163
881	142	163
882	143	163
883	144	163
884	145	163
885	151	163
886	157	163
887	163	163
888	171	163
889	175	163
890	176	163
891	178	163
892	179	163
893	180	163
894	183	163
895	189	163
896	190	163
897	191	163
898	194	163
899	213	163
900	217	163
901	218	163
902	219	163
903	229	163
904	236	163
905	247	163
906	248	163
907	252	163
908	253	163
909	266	163
910	271	163
911	273	163
912	274	163
913	276	163
914	294	163
915	300	163
916	301	163
917	302	163
918	315	163
919	323	163
920	324	163
921	325	163
922	327	163
923	328	163
924	330	163
925	332	163
926	344	163
927	365	163
928	374	163
929	379	163
930	380	163
931	383	163
932	384	163
933	407	163
934	409	163
935	410	163
936	411	163
937	416	163
938	421	163
939	424	163
940	451	163
941	461	163
942	466	163
943	467	163
944	468	163
945	469	163
946	470	163
947	475	163
948	476	163
949	478	163
950	479	163
951	492	163
952	494	163
953	497	163
954	500	163
955	501	163
956	502	163
957	503	163
958	504	163
959	505	163
960	508	163
961	516	163
962	519	163
963	520	163
964	521	163
965	523	163
966	526	163
967	530	163
968	531	163
969	546	163
970	548	163
971	556	163
972	557	163
973	558	163
974	569	163
975	584	163
976	560	164
977	1	165
978	2	165
979	11	165
980	14	165
981	28	165
982	31	165
983	45	165
984	48	165
985	70	165
986	82	165
987	104	165
988	114	165
989	124	165
990	137	165
991	151	165
992	163	165
993	165	165
994	181	165
995	188	165
996	250	165
997	252	165
998	253	165
999	291	165
1000	323	165
1001	328	165
1002	330	165
1003	333	165
1004	374	165
1005	379	165
1006	380	165
1007	383	165
1008	401	165
1009	407	165
1010	408	165
1011	410	165
1012	424	165
1013	449	165
1014	479	165
1015	489	165
1016	526	165
1017	544	165
1018	548	165
1019	560	165
1020	565	165
1021	569	165
1022	49	166
1023	31	167
1024	47	167
1025	49	167
1026	50	167
1027	58	167
1028	83	167
1029	124	167
1030	125	167
1031	126	167
1032	127	167
1033	128	167
1034	129	167
1035	142	167
1036	143	167
1037	144	167
1038	145	167
1039	161	167
1040	187	167
1041	188	167
1042	213	167
1043	214	167
1044	215	167
1045	217	167
1046	218	167
1047	219	167
1048	228	167
1049	266	167
1050	325	167
1051	348	167
1052	364	167
1053	374	167
1054	395	167
1055	401	167
1056	423	167
1057	462	167
1058	466	167
1059	467	167
1060	468	167
1061	469	167
1062	470	167
1063	482	167
1064	489	167
1065	491	167
1066	528	167
1067	529	167
1068	544	167
1069	560	167
1070	257	168
1071	462	168
1072	487	168
1073	49	169
1074	58	170
1075	80	170
1076	125	170
1077	126	170
1078	127	170
1079	128	170
1080	129	170
1081	130	170
1082	142	170
1083	143	170
1084	144	170
1085	145	170
1086	213	170
1087	217	170
1088	218	170
1089	219	170
1090	247	170
1091	248	170
1092	266	170
1093	271	170
1094	273	170
1095	274	170
1096	276	170
1097	294	170
1098	325	170
1099	365	170
1100	466	170
1101	467	170
1102	468	170
1103	469	170
1104	470	170
1105	508	170
1106	530	170
1107	531	170
1108	1	171
1109	2	171
1110	11	171
1111	14	171
1112	15	171
1113	16	171
1114	17	171
1115	18	171
1116	27	171
1117	28	171
1118	31	171
1119	32	171
1120	34	171
1121	40	171
1122	45	171
1123	46	171
1124	48	171
1125	52	171
1126	58	171
1127	62	171
1128	65	171
1129	68	171
1130	70	171
1131	78	171
1132	81	171
1133	83	171
1134	104	171
1135	109	171
1136	111	171
1137	112	171
1138	113	171
1139	118	171
1140	121	171
1141	122	171
1142	124	171
1143	125	171
1144	126	171
1145	127	171
1146	128	171
1147	129	171
1148	131	171
1149	136	171
1150	142	171
1151	143	171
1152	144	171
1153	145	171
1154	151	171
1155	157	171
1156	161	171
1157	163	171
1158	171	171
1159	175	171
1160	176	171
1161	178	171
1162	179	171
1163	180	171
1164	183	171
1165	187	171
1166	188	171
1167	189	171
1168	190	171
1169	191	171
1170	194	171
1171	206	171
1172	213	171
1173	214	171
1174	215	171
1175	217	171
1176	218	171
1177	219	171
1178	228	171
1179	229	171
1180	236	171
1181	246	171
1182	252	171
1183	253	171
1184	265	171
1185	266	171
1186	268	171
1187	283	171
1188	285	171
1189	286	171
1190	289	171
1191	295	171
1192	300	171
1193	301	171
1194	302	171
1195	306	171
1196	307	171
1197	315	171
1198	318	171
1199	323	171
1200	324	171
1201	325	171
1202	327	171
1203	328	171
1204	330	171
1205	332	171
1206	335	171
1207	339	171
1208	344	171
1209	348	171
1210	364	171
1211	370	171
1212	374	171
1213	379	171
1214	380	171
1215	383	171
1216	384	171
1217	393	171
1218	395	171
1219	397	171
1220	399	171
1221	401	171
1222	405	171
1223	407	171
1224	409	171
1225	410	171
1226	411	171
1227	416	171
1228	421	171
1229	423	171
1230	424	171
1231	425	171
1232	426	171
1233	432	171
1234	439	171
1235	440	171
1236	449	171
1237	451	171
1238	461	171
1239	462	171
1240	466	171
1241	467	171
1242	468	171
1243	469	171
1244	470	171
1245	474	171
1246	475	171
1247	476	171
1248	478	171
1249	479	171
1250	480	171
1251	481	171
1252	482	171
1253	488	171
1254	489	171
1255	490	171
1256	491	171
1257	492	171
1258	494	171
1259	497	171
1260	500	171
1261	501	171
1262	502	171
1263	503	171
1264	504	171
1265	505	171
1266	516	171
1267	519	171
1268	520	171
1269	521	171
1270	523	171
1271	526	171
1272	528	171
1273	529	171
1274	541	171
1275	542	171
1276	544	171
1277	546	171
1278	548	171
1279	556	171
1280	557	171
1281	558	171
1282	562	171
1283	565	171
1284	569	171
1285	584	171
1286	58	172
1287	83	172
1288	124	172
1289	125	172
1290	126	172
1291	127	172
1292	128	172
1293	129	172
1294	136	172
1295	142	172
1296	143	172
1297	144	172
1298	145	172
1299	161	172
1300	213	172
1301	214	172
1302	215	172
1303	217	172
1304	218	172
1305	219	172
1306	228	172
1307	325	172
1308	334	172
1309	374	172
1310	423	172
1311	466	172
1312	467	172
1313	468	172
1314	469	172
1315	470	172
1316	491	172
1317	32	173
1318	47	173
1319	48	173
1320	49	173
1321	50	173
1322	83	173
1323	124	173
1324	158	173
1325	159	173
1326	161	173
1327	162	173
1328	228	173
1329	374	173
1330	393	173
1331	395	173
1332	396	173
1333	397	173
1334	425	173
1335	439	173
1336	440	173
1337	462	173
1338	488	173
1339	491	173
1340	542	173
1341	398	174
1342	31	175
1343	124	175
1344	187	175
1345	188	175
1346	228	175
1347	374	175
1348	395	175
1349	401	175
1350	462	175
1351	482	175
1352	489	175
1353	528	175
1354	529	175
1355	541	175
1356	544	175
1357	83	176
1358	228	176
1359	393	176
1360	395	176
1361	462	176
1362	482	176
1363	484	176
1364	485	176
1365	393	177
1366	395	177
1367	31	178
1368	83	179
1369	289	179
1370	489	179
1371	1	180
1372	2	180
1373	11	180
1374	14	180
1375	15	180
1376	16	180
1377	17	180
1378	18	180
1379	27	180
1380	28	180
1381	31	180
1382	62	180
1383	68	180
1384	70	180
1385	78	180
1386	104	180
1387	109	180
1388	111	180
1389	113	180
1390	118	180
1391	121	180
1392	122	180
1393	142	180
1394	151	180
1395	157	180
1396	163	180
1397	171	180
1398	175	180
1399	176	180
1400	178	180
1401	179	180
1402	180	180
1403	183	180
1404	189	180
1405	190	180
1406	191	180
1407	194	180
1408	229	180
1409	236	180
1410	252	180
1411	253	180
1412	300	180
1413	301	180
1414	302	180
1415	315	180
1416	323	180
1417	324	180
1418	327	180
1419	328	180
1420	330	180
1421	332	180
1422	344	180
1423	379	180
1424	380	180
1425	383	180
1426	384	180
1427	407	180
1428	409	180
1429	410	180
1430	411	180
1431	416	180
1432	421	180
1433	424	180
1434	451	180
1435	461	180
1436	475	180
1437	476	180
1438	478	180
1439	479	180
1440	492	180
1441	494	180
1442	497	180
1443	500	180
1444	501	180
1445	502	180
1446	503	180
1447	504	180
1448	505	180
1449	516	180
1450	519	180
1451	520	180
1452	521	180
1453	523	180
1454	526	180
1455	546	180
1456	548	180
1457	556	180
1458	557	180
1459	558	180
1460	569	180
1461	584	180
1462	22	182
1463	88	182
1464	233	182
1465	278	182
1466	367	182
1467	417	182
1468	432	182
1469	377	184
1470	560	185
1471	412	186
1472	77	188
1473	306	188
1474	214	191
1475	215	191
1476	218	191
1477	467	191
1478	468	191
1479	22	192
1480	88	192
1481	233	192
1482	278	192
1483	367	192
1484	393	192
1485	395	192
1486	417	192
1487	432	192
1488	541	192
1489	542	192
1490	131	193
1491	382	193
1492	484	193
1493	485	193
1494	31	194
1495	124	194
1496	131	194
1497	136	194
1498	187	194
1499	188	194
1500	228	194
1501	256	194
1502	270	194
1503	306	194
1504	307	194
1505	333	194
1506	334	194
1507	374	194
1508	395	194
1509	401	194
1510	439	194
1511	440	194
1512	462	194
1513	482	194
1514	484	194
1515	485	194
1516	489	194
1517	517	194
1518	528	194
1519	529	194
1520	540	194
1521	541	194
1522	542	194
1523	544	194
1524	423	195
1525	423	196
1526	76	197
1527	268	198
1528	541	199
1529	542	199
1530	31	200
1531	31	201
1532	124	201
1533	187	201
1534	188	201
1535	228	201
1536	374	201
1537	395	201
1538	401	201
1539	462	201
1540	482	201
1541	489	201
1542	528	201
1543	529	201
1544	544	201
1545	289	203
1546	560	203
1547	32	204
1548	34	204
1549	228	204
1550	435	204
1551	491	204
1552	542	204
1553	491	205
1554	34	206
1555	81	206
1556	131	206
1557	136	206
1558	246	206
1559	289	206
1560	333	206
1561	433	206
1562	434	206
1563	462	206
1564	491	206
1565	34	207
1566	81	207
1567	136	207
1568	462	207
1569	31	208
1570	32	208
1571	34	208
1572	124	208
1573	131	208
1574	136	208
1575	187	208
1576	188	208
1577	202	208
1578	228	208
1579	256	208
1580	270	208
1581	289	208
1582	307	208
1583	333	208
1584	334	208
1585	374	208
1586	393	208
1587	395	208
1588	401	208
1589	439	208
1590	440	208
1591	462	208
1592	482	208
1593	484	208
1594	485	208
1595	488	208
1596	489	208
1597	491	208
1598	517	208
1599	528	208
1600	529	208
1601	540	208
1602	541	208
1603	542	208
1604	544	208
1605	565	209
1606	396	210
1607	542	211
1608	31	212
1609	137	212
1610	289	212
1611	489	212
1612	34	213
1613	136	213
1614	462	213
1615	542	213
1616	31	214
1617	32	214
1618	34	214
1619	124	214
1620	136	214
1621	187	214
1622	188	214
1623	228	214
1624	289	214
1625	334	214
1626	374	214
1627	395	214
1628	401	214
1629	462	214
1630	482	214
1631	489	214
1632	491	214
1633	528	214
1634	529	214
1635	544	214
1636	34	215
1637	136	215
1638	334	215
1639	395	215
1640	438	215
1641	462	215
1642	491	215
1643	541	215
1644	542	215
1645	136	216
1646	334	216
1647	541	216
1648	228	217
1649	395	217
1650	462	217
1651	31	218
1652	32	218
1653	34	218
1654	83	218
1655	124	218
1656	136	218
1657	187	218
1658	188	218
1659	228	218
1660	246	218
1661	257	218
1662	289	218
1663	333	218
1664	334	218
1665	374	218
1666	395	218
1667	401	218
1668	462	218
1669	482	218
1670	489	218
1671	491	218
1672	528	218
1673	529	218
1674	541	218
1675	544	218
1676	31	219
1677	124	219
1678	187	219
1679	188	219
1680	228	219
1681	334	219
1682	374	219
1683	395	219
1684	401	219
1685	462	219
1686	482	219
1687	489	219
1688	528	219
1689	529	219
1690	544	219
1691	34	220
1692	334	220
1693	439	220
1694	440	220
1695	377	221
1696	393	222
1697	426	222
1698	542	222
1699	4	223
1700	5	223
1701	42	223
1702	376	223
1703	429	223
1704	4	224
1705	5	224
1706	42	224
1707	376	224
1708	429	224
1709	4	225
1710	5	225
1711	42	225
1712	376	225
1713	429	225
1714	377	226
1715	131	227
1716	484	227
1717	541	227
1718	76	228
1719	306	228
1720	423	230
1721	81	231
1722	433	231
1723	434	231
1724	491	231
1725	431	232
1726	22	233
1727	88	233
1728	233	233
1729	278	233
1730	367	233
1731	417	233
1732	432	233
1733	491	233
1734	435	234
1735	491	234
1736	22	235
1737	88	235
1738	233	235
1739	278	235
1740	367	235
1741	417	235
1742	432	235
1743	228	236
1744	334	236
1745	529	237
1746	131	238
1747	136	238
1748	153	238
1749	270	238
1750	394	238
1751	439	238
1752	440	238
1753	462	238
1754	484	238
1755	517	238
1756	540	238
1757	131	239
1758	131	240
1759	32	241
1760	131	241
1761	136	241
1762	158	241
1763	162	241
1764	202	241
1765	256	241
1766	270	241
1767	333	241
1768	439	241
1769	440	241
1770	462	241
1771	482	241
1772	484	241
1773	541	241
1774	34	242
1775	131	242
1776	136	242
1777	256	242
1778	333	242
1779	484	242
1780	542	242
1781	131	243
1782	256	243
1783	484	243
1784	131	244
1785	439	244
1786	484	244
1787	377	245
1788	392	246
1789	395	249
1790	541	249
1791	542	249
1792	31	250
1793	228	250
1794	395	250
1795	489	250
1796	124	251
1797	228	251
1798	374	251
1799	393	251
1800	395	251
1801	396	251
1802	397	251
1803	482	251
1804	58	252
1805	125	252
1806	126	252
1807	127	252
1808	128	252
1809	129	252
1810	142	252
1811	143	252
1812	144	252
1813	145	252
1814	158	252
1815	162	252
1816	213	252
1817	217	252
1818	218	252
1819	219	252
1820	325	252
1821	334	252
1822	466	252
1823	467	252
1824	468	252
1825	469	252
1826	470	252
1827	31	253
1828	228	254
1829	393	254
1830	395	254
1831	425	254
1832	228	255
1833	257	255
1834	395	255
1835	32	257
1836	131	257
1837	136	257
1838	257	257
1839	462	257
1840	542	257
1841	560	258
1842	560	259
1843	4	260
1844	5	260
1845	42	260
1846	376	260
1847	429	260
1848	22	261
1849	88	261
1850	233	261
1851	278	261
1852	367	261
1853	417	261
1854	432	261
1855	22	262
1856	88	262
1857	233	262
1858	278	262
1859	367	262
1860	417	262
1861	432	262
1862	22	263
1863	88	263
1864	233	263
1865	278	263
1866	367	263
1867	417	263
1868	432	263
1869	4	264
1870	5	264
1871	42	264
1872	376	264
1873	429	264
1874	31	265
1875	32	265
1876	34	265
1877	124	265
1878	131	265
1879	136	265
1880	158	265
1881	161	265
1882	162	265
1883	187	265
1884	188	265
1885	228	265
1886	256	265
1887	270	265
1888	289	265
1889	306	265
1890	307	265
1891	333	265
1892	374	265
1893	382	265
1894	395	265
1895	401	265
1896	439	265
1897	440	265
1898	445	265
1899	462	265
1900	482	265
1901	489	265
1902	491	265
1903	517	265
1904	528	265
1905	529	265
1906	541	265
1907	542	265
1908	544	265
1909	31	266
1910	32	266
1911	34	266
1912	83	266
1913	124	266
1914	136	266
1915	158	266
1916	161	266
1917	162	266
1918	228	266
1919	334	266
1920	393	266
1921	395	266
1922	423	266
1923	425	266
1924	438	266
1925	462	266
1926	488	266
1927	491	266
1928	541	266
1929	542	266
1930	1	267
1931	2	267
1932	11	267
1933	14	267
1934	28	267
1935	70	267
1936	104	267
1937	114	267
1938	151	267
1939	163	267
1940	165	267
1941	181	267
1942	250	267
1943	252	267
1944	253	267
1945	291	267
1946	323	267
1947	328	267
1948	330	267
1949	379	267
1950	380	267
1951	383	267
1952	407	267
1953	408	267
1954	410	267
1955	424	267
1956	449	267
1957	479	267
1958	526	267
1959	548	267
1960	569	267
1961	268	268
1962	22	269
1963	88	269
1964	233	269
1965	278	269
1966	367	269
1967	417	269
1968	432	269
1969	334	272
1970	462	272
1971	487	272
1972	462	275
1973	257	277
1974	22	279
1975	88	279
1976	233	279
1977	278	279
1978	367	279
1979	417	279
1980	432	279
1981	377	280
1982	565	280
1983	124	281
1984	228	281
1985	374	281
1986	393	281
1987	394	281
1988	395	281
1989	396	281
1990	397	281
1991	398	281
1992	425	281
1993	462	281
1994	488	281
1995	541	281
1996	542	281
1997	52	282
1998	423	282
1999	32	283
2000	34	283
2001	81	283
2002	83	283
2003	136	283
2004	161	283
2005	289	283
2006	423	283
2007	433	283
2008	434	283
2009	462	283
2010	491	283
2011	542	283
2012	34	284
2013	228	284
2014	435	284
2015	491	284
2016	542	284
2017	34	285
2018	81	285
2019	136	285
2020	289	285
2021	433	285
2022	434	285
2023	491	285
2024	34	286
2025	136	286
2026	289	286
2027	333	286
2028	434	286
2029	435	286
2030	438	286
2031	491	286
2032	541	286
2033	542	286
2034	334	287
2035	131	288
2036	228	288
2037	77	289
2038	306	289
2039	423	290
2040	1	291
2041	2	291
2042	11	291
2043	14	291
2044	28	291
2045	70	291
2046	104	291
2047	114	291
2048	142	291
2049	151	291
2050	163	291
2051	165	291
2052	181	291
2053	250	291
2054	252	291
2055	253	291
2056	291	291
2057	323	291
2058	328	291
2059	330	291
2060	379	291
2061	380	291
2062	383	291
2063	407	291
2064	408	291
2065	410	291
2066	424	291
2067	449	291
2068	479	291
2069	526	291
2070	548	291
2071	560	291
2072	569	291
2073	132	292
2074	377	292
2075	571	292
2076	256	293
2077	246	295
2078	392	295
2079	32	296
2080	79	296
2081	131	296
2082	202	296
2083	257	296
2084	257	297
2085	228	298
2086	542	298
2087	544	298
2088	131	299
2089	560	303
2090	256	304
2091	136	305
2092	333	305
2093	75	307
2094	131	309
2095	542	309
2096	137	310
2097	32	311
2098	34	311
2099	158	311
2100	162	311
2101	334	311
2102	439	311
2103	440	311
2104	462	311
2105	491	311
2106	541	311
2107	542	311
2108	542	312
2109	32	313
2110	34	313
2111	131	313
2112	136	313
2113	158	313
2114	161	313
2115	162	313
2116	256	313
2117	270	313
2118	306	313
2119	307	313
2120	333	313
2121	439	313
2122	440	313
2123	462	313
2124	491	313
2125	541	313
2126	542	313
2127	131	314
2128	136	314
2129	153	314
2130	270	314
2131	462	314
2132	517	314
2133	541	314
2134	542	314
2135	334	316
2136	397	316
2137	462	316
2138	487	316
2139	131	317
2140	439	319
2141	440	319
2142	541	319
2143	34	320
2144	462	321
2145	31	322
2146	131	322
2147	136	322
2148	202	322
2149	256	322
2150	333	322
2151	517	322
2152	541	322
2153	34	326
2154	462	326
2155	541	326
2156	542	326
2157	1	328
2158	2	328
2159	11	328
2160	14	328
2161	15	328
2162	16	328
2163	17	328
2164	18	328
2165	27	328
2166	28	328
2167	58	328
2168	62	328
2169	68	328
2170	70	328
2171	78	328
2172	80	328
2173	104	328
2174	109	328
2175	111	328
2176	113	328
2177	114	328
2178	118	328
2179	121	328
2180	122	328
2181	125	328
2182	126	328
2183	127	328
2184	128	328
2185	129	328
2186	130	328
2187	142	328
2188	143	328
2189	144	328
2190	145	328
2191	151	328
2192	157	328
2193	163	328
2194	165	328
2195	171	328
2196	175	328
2197	176	328
2198	178	328
2199	179	328
2200	180	328
2201	181	328
2202	183	328
2203	189	328
2204	190	328
2205	191	328
2206	194	328
2207	213	328
2208	217	328
2209	218	328
2210	219	328
2211	229	328
2212	236	328
2213	247	328
2214	248	328
2215	250	328
2216	252	328
2217	253	328
2218	266	328
2219	271	328
2220	273	328
2221	274	328
2222	276	328
2223	291	328
2224	294	328
2225	300	328
2226	301	328
2227	302	328
2228	315	328
2229	323	328
2230	324	328
2231	325	328
2232	327	328
2233	328	328
2234	330	328
2235	332	328
2236	344	328
2237	365	328
2238	379	328
2239	380	328
2240	383	328
2241	384	328
2242	407	328
2243	408	328
2244	409	328
2245	410	328
2246	411	328
2247	416	328
2248	421	328
2249	423	328
2250	424	328
2251	449	328
2252	451	328
2253	461	328
2254	466	328
2255	467	328
2256	468	328
2257	469	328
2258	470	328
2259	475	328
2260	476	328
2261	478	328
2262	479	328
2263	492	328
2264	494	328
2265	497	328
2266	500	328
2267	501	328
2268	502	328
2269	503	328
2270	504	328
2271	505	328
2272	508	328
2273	516	328
2274	519	328
2275	520	328
2276	521	328
2277	523	328
2278	526	328
2279	530	328
2280	531	328
2281	546	328
2282	548	328
2283	556	328
2284	557	328
2285	558	328
2286	565	328
2287	569	328
2288	584	328
2289	58	329
2290	80	329
2291	125	329
2292	126	329
2293	127	329
2294	128	329
2295	129	329
2296	130	329
2297	142	329
2298	143	329
2299	144	329
2300	145	329
2301	213	329
2302	217	329
2303	218	329
2304	219	329
2305	247	329
2306	248	329
2307	266	329
2308	271	329
2309	273	329
2310	274	329
2311	276	329
2312	294	329
2313	325	329
2314	334	329
2315	365	329
2316	466	329
2317	467	329
2318	468	329
2319	469	329
2320	470	329
2321	508	329
2322	530	329
2323	531	329
2324	1	330
2325	2	330
2326	11	330
2327	14	330
2328	15	330
2329	16	330
2330	17	330
2331	18	330
2332	27	330
2333	28	330
2334	62	330
2335	68	330
2336	70	330
2337	78	330
2338	104	330
2339	109	330
2340	111	330
2341	113	330
2342	118	330
2343	121	330
2344	122	330
2345	142	330
2346	151	330
2347	157	330
2348	163	330
2349	171	330
2350	175	330
2351	176	330
2352	178	330
2353	179	330
2354	180	330
2355	183	330
2356	189	330
2357	190	330
2358	191	330
2359	194	330
2360	229	330
2361	236	330
2362	252	330
2363	253	330
2364	300	330
2365	301	330
2366	302	330
2367	315	330
2368	323	330
2369	324	330
2370	327	330
2371	328	330
2372	330	330
2373	332	330
2374	344	330
2375	379	330
2376	380	330
2377	383	330
2378	384	330
2379	407	330
2380	409	330
2381	410	330
2382	411	330
2383	416	330
2384	421	330
2385	424	330
2386	451	330
2387	461	330
2388	475	330
2389	476	330
2390	478	330
2391	479	330
2392	492	330
2393	494	330
2394	497	330
2395	500	330
2396	501	330
2397	502	330
2398	503	330
2399	504	330
2400	505	330
2401	516	330
2402	519	330
2403	520	330
2404	521	330
2405	523	330
2406	526	330
2407	546	330
2408	548	330
2409	556	330
2410	557	330
2411	558	330
2412	569	330
2413	584	330
2414	136	331
2415	462	331
2416	77	333
2417	246	333
2418	31	334
2419	32	334
2420	34	334
2421	131	334
2422	136	334
2423	158	334
2424	162	334
2425	202	334
2426	256	334
2427	270	334
2428	333	334
2429	334	334
2430	439	334
2431	517	334
2432	541	334
2433	542	334
2434	31	335
2435	32	335
2436	34	335
2437	131	335
2438	136	335
2439	158	335
2440	162	335
2441	256	335
2442	270	335
2443	333	335
2444	382	335
2445	393	335
2446	439	335
2447	440	335
2448	445	335
2449	462	335
2450	484	335
2451	517	335
2452	541	335
2453	542	335
2454	131	336
2455	136	336
2456	256	336
2457	439	336
2458	440	336
2459	484	336
2460	517	336
2461	540	336
2462	541	336
2463	560	337
2464	32	338
2465	34	338
2466	228	338
2467	334	338
2468	438	338
2469	34	339
2470	131	339
2471	136	339
2472	137	339
2473	541	339
2474	32	340
2475	491	340
2476	4	341
2477	5	341
2478	42	341
2479	376	341
2480	377	341
2481	429	341
2482	527	341
2483	47	342
2484	49	342
2485	159	343
2486	426	343
2487	228	345
2488	396	345
2489	34	346
2490	107	346
2491	108	346
2492	289	346
2493	22	347
2494	88	347
2495	233	347
2496	278	347
2497	367	347
2498	417	347
2499	432	347
2500	34	348
2501	161	348
2502	334	348
2503	34	349
2504	541	349
2505	22	350
2506	32	350
2507	34	350
2508	88	350
2509	158	350
2510	161	350
2511	233	350
2512	278	350
2513	367	350
2514	417	350
2515	432	350
2516	412	351
2517	412	352
2518	398	353
2519	462	354
2520	58	355
2521	80	355
2522	125	355
2523	126	355
2524	127	355
2525	128	355
2526	129	355
2527	130	355
2528	142	355
2529	143	355
2530	144	355
2531	145	355
2532	213	355
2533	217	355
2534	218	355
2535	219	355
2536	247	355
2537	248	355
2538	257	355
2539	266	355
2540	271	355
2541	273	355
2542	274	355
2543	276	355
2544	294	355
2545	325	355
2546	365	355
2547	466	355
2548	467	355
2549	468	355
2550	469	355
2551	470	355
2552	508	355
2553	530	355
2554	531	355
2555	398	356
2556	124	357
2557	188	357
2558	393	357
2559	395	357
2560	396	357
2561	462	357
2562	482	357
2563	484	357
2564	485	357
2565	541	357
2566	542	357
2567	306	358
2568	542	358
2569	31	359
2570	412	360
2571	412	361
2572	31	362
2573	40	362
2574	81	362
2575	83	362
2576	136	362
2577	206	362
2578	283	362
2579	285	362
2580	286	362
2581	289	362
2582	339	362
2583	370	362
2584	405	362
2585	423	362
2586	462	362
2587	474	362
2588	480	362
2589	491	362
2590	562	362
2591	31	364
2592	32	364
2593	34	364
2594	124	364
2595	187	364
2596	188	364
2597	228	364
2598	289	364
2599	374	364
2600	393	364
2601	395	364
2602	401	364
2603	433	364
2604	462	364
2605	482	364
2606	488	364
2607	489	364
2608	528	364
2609	529	364
2610	544	364
2611	131	366
2612	136	366
2613	270	366
2614	541	366
2615	32	367
2616	34	367
2617	289	367
2618	433	367
2619	434	367
2620	435	367
2621	491	367
2622	34	368
2623	158	368
2624	161	368
2625	435	368
2626	542	368
2627	158	369
2628	162	369
2629	34	370
2630	81	370
2631	161	370
2632	425	370
2633	433	370
2634	434	370
2635	435	370
2636	438	370
2637	491	370
2638	541	370
2639	542	370
2640	289	371
2641	433	371
2642	491	371
2643	228	372
2644	393	372
2645	395	372
2646	397	372
2647	398	372
2648	462	372
2649	487	372
2650	488	372
2651	487	373
2652	77	374
2653	306	374
2654	131	375
2655	137	375
2656	256	375
2657	308	377
2658	423	378
2659	449	380
2660	32	381
2661	542	381
2662	47	385
2663	49	385
2664	131	385
2665	256	385
2666	560	386
2667	268	387
2668	268	388
2669	560	389
2670	52	390
2671	529	391
2672	76	393
2673	75	395
2674	76	395
2675	542	395
2676	306	396
2677	307	396
2678	31	399
2679	34	399
2680	137	399
2681	289	399
2682	489	399
2683	31	400
2684	77	401
2685	306	401
2686	31	402
2687	137	402
2688	188	402
2689	246	402
2690	289	402
2691	433	402
2692	489	402
2693	544	402
2694	482	403
2695	34	404
2696	81	404
2697	433	404
2698	434	404
2699	34	405
2700	81	405
2701	462	405
2702	491	405
2703	31	406
2704	32	406
2705	34	406
2706	136	406
2707	228	406
2708	334	406
2709	395	406
2710	435	406
2711	439	406
2712	440	406
2713	462	406
2714	491	406
2715	542	406
2716	58	407
2717	125	407
2718	126	407
2719	127	407
2720	128	407
2721	129	407
2722	142	407
2723	143	407
2724	144	407
2725	145	407
2726	159	407
2727	213	407
2728	214	407
2729	217	407
2730	218	407
2731	219	407
2732	228	407
2733	325	407
2734	334	407
2735	393	407
2736	395	407
2737	423	407
2738	425	407
2739	426	407
2740	466	407
2741	467	407
2742	468	407
2743	469	407
2744	470	407
2745	137	413
2746	393	414
2747	395	414
2748	489	415
2749	560	415
2750	228	416
2751	22	417
2752	34	417
2753	88	417
2754	158	417
2755	162	417
2756	233	417
2757	278	417
2758	367	417
2759	417	417
2760	431	417
2761	432	417
2762	435	417
2763	438	417
2764	462	417
2765	491	417
2766	541	417
2767	542	417
2768	34	418
2769	435	418
2770	491	418
2771	124	419
2772	136	420
2773	333	420
2774	31	421
2775	124	421
2776	131	421
2777	187	421
2778	188	421
2779	228	421
2780	374	421
2781	393	421
2782	395	421
2783	401	421
2784	439	421
2785	440	421
2786	462	421
2787	482	421
2788	488	421
2789	489	421
2790	528	421
2791	529	421
2792	541	421
2793	542	421
2794	544	421
2795	136	422
2796	83	423
2797	136	423
2798	423	423
2799	462	423
2800	541	423
2801	542	423
2802	1	424
2803	2	424
2804	11	424
2805	14	424
2806	15	424
2807	16	424
2808	17	424
2809	18	424
2810	27	424
2811	28	424
2812	62	424
2813	68	424
2814	70	424
2815	78	424
2816	104	424
2817	109	424
2818	111	424
2819	113	424
2820	114	424
2821	118	424
2822	121	424
2823	122	424
2824	142	424
2825	151	424
2826	157	424
2827	163	424
2828	165	424
2829	171	424
2830	175	424
2831	176	424
2832	178	424
2833	179	424
2834	180	424
2835	181	424
2836	183	424
2837	189	424
2838	190	424
2839	191	424
2840	194	424
2841	229	424
2842	236	424
2843	250	424
2844	252	424
2845	253	424
2846	291	424
2847	300	424
2848	301	424
2849	302	424
2850	315	424
2851	323	424
2852	324	424
2853	327	424
2854	328	424
2855	330	424
2856	332	424
2857	344	424
2858	364	424
2859	379	424
2860	380	424
2861	383	424
2862	384	424
2863	407	424
2864	408	424
2865	409	424
2866	410	424
2867	411	424
2868	416	424
2869	421	424
2870	424	424
2871	449	424
2872	451	424
2873	461	424
2874	475	424
2875	476	424
2876	478	424
2877	479	424
2878	492	424
2879	494	424
2880	497	424
2881	500	424
2882	501	424
2883	502	424
2884	503	424
2885	504	424
2886	505	424
2887	516	424
2888	519	424
2889	520	424
2890	521	424
2891	523	424
2892	526	424
2893	546	424
2894	548	424
2895	556	424
2896	557	424
2897	558	424
2898	569	424
2899	584	424
2900	306	425
2901	76	426
2902	306	426
2903	307	426
2904	75	427
2905	369	428
2906	560	428
2907	334	430
2908	560	436
2909	560	437
2910	438	438
2911	131	441
2912	136	441
2913	256	441
2914	333	441
2915	32	442
2916	462	442
2917	542	443
2918	58	444
2919	80	444
2920	125	444
2921	126	444
2922	127	444
2923	128	444
2924	129	444
2925	130	444
2926	142	444
2927	143	444
2928	144	444
2929	145	444
2930	213	444
2931	217	444
2932	218	444
2933	219	444
2934	247	444
2935	248	444
2936	266	444
2937	271	444
2938	273	444
2939	274	444
2940	276	444
2941	294	444
2942	325	444
2943	365	444
2944	466	444
2945	467	444
2946	468	444
2947	469	444
2948	470	444
2949	508	444
2950	530	444
2951	531	444
2952	412	446
2953	22	447
2954	88	447
2955	228	447
2956	233	447
2957	278	447
2958	367	447
2959	393	447
2960	395	447
2961	417	447
2962	432	447
2963	491	447
2964	541	447
2965	542	447
2966	398	448
2967	16	449
2968	31	449
2969	34	449
2970	45	449
2971	124	449
2972	137	449
2973	158	449
2974	162	449
2975	188	449
2976	246	449
2977	289	449
2978	295	449
2979	333	449
2980	374	449
2981	382	449
2982	401	449
2983	433	449
2984	481	449
2985	489	449
2986	544	449
2987	566	449
2988	58	450
2989	80	450
2990	125	450
2991	126	450
2992	127	450
2993	128	450
2994	129	450
2995	130	450
2996	142	450
2997	143	450
2998	144	450
2999	145	450
3000	213	450
3001	217	450
3002	218	450
3003	219	450
3004	247	450
3005	248	450
3006	266	450
3007	271	450
3008	273	450
3009	274	450
3010	276	450
3011	294	450
3012	325	450
3013	365	450
3014	466	450
3015	467	450
3016	468	450
3017	469	450
3018	470	450
3019	508	450
3020	530	450
3021	531	450
3022	142	451
3023	423	451
3024	412	452
3025	124	453
3026	544	453
3027	137	454
3028	434	455
3029	228	456
3030	393	456
3031	395	456
3032	4	457
3033	5	457
3034	42	457
3035	376	457
3036	429	457
3037	228	458
3038	334	458
3039	412	459
3040	560	460
3041	1	461
3042	2	461
3043	11	461
3044	14	461
3045	15	461
3046	16	461
3047	17	461
3048	18	461
3049	27	461
3050	28	461
3051	58	461
3052	62	461
3053	68	461
3054	70	461
3055	78	461
3056	83	461
3057	104	461
3058	109	461
3059	111	461
3060	113	461
3061	118	461
3062	121	461
3063	122	461
3064	124	461
3065	125	461
3066	126	461
3067	127	461
3068	128	461
3069	129	461
3070	142	461
3071	143	461
3072	144	461
3073	145	461
3074	151	461
3075	157	461
3076	158	461
3077	162	461
3078	163	461
3079	171	461
3080	175	461
3081	176	461
3082	178	461
3083	179	461
3084	180	461
3085	183	461
3086	189	461
3087	190	461
3088	191	461
3089	194	461
3090	213	461
3091	217	461
3092	218	461
3093	219	461
3094	228	461
3095	229	461
3096	236	461
3097	252	461
3098	253	461
3099	257	461
3100	266	461
3101	300	461
3102	301	461
3103	302	461
3104	315	461
3105	323	461
3106	324	461
3107	325	461
3108	327	461
3109	328	461
3110	330	461
3111	332	461
3112	344	461
3113	374	461
3114	379	461
3115	380	461
3116	383	461
3117	384	461
3118	393	461
3119	395	461
3120	396	461
3121	397	461
3122	407	461
3123	409	461
3124	410	461
3125	411	461
3126	416	461
3127	421	461
3128	423	461
3129	424	461
3130	425	461
3131	426	461
3132	449	461
3133	451	461
3134	461	461
3135	462	461
3136	466	461
3137	467	461
3138	468	461
3139	469	461
3140	470	461
3141	475	461
3142	476	461
3143	478	461
3144	479	461
3145	488	461
3146	492	461
3147	494	461
3148	497	461
3149	500	461
3150	501	461
3151	502	461
3152	503	461
3153	504	461
3154	505	461
3155	516	461
3156	519	461
3157	520	461
3158	521	461
3159	523	461
3160	526	461
3161	546	461
3162	548	461
3163	556	461
3164	557	461
3165	558	461
3166	569	461
3167	584	461
3168	75	462
3169	76	463
3170	268	464
3171	22	465
3172	88	465
3173	124	465
3174	233	465
3175	278	465
3176	367	465
3177	417	465
3178	432	465
3179	32	466
3180	34	466
3181	228	466
3182	334	466
3183	31	467
3184	32	467
3185	34	467
3186	83	467
3187	124	467
3188	136	467
3189	158	467
3190	161	467
3191	187	467
3192	188	467
3193	228	467
3194	334	467
3195	374	467
3196	395	467
3197	401	467
3198	438	467
3199	462	467
3200	482	467
3201	489	467
3202	491	467
3203	528	467
3204	529	467
3205	541	467
3206	542	467
3207	544	467
3208	32	468
3209	34	468
3210	83	468
3211	136	468
3212	161	468
3213	228	468
3214	334	468
3215	395	468
3216	462	468
3217	489	468
3218	491	468
3219	541	468
3220	334	469
3221	34	470
3222	80	470
3223	130	470
3224	161	470
3225	247	470
3226	248	470
3227	266	470
3228	271	470
3229	273	470
3230	274	470
3231	276	470
3232	289	470
3233	294	470
3234	334	470
3235	365	470
3236	374	470
3237	433	470
3238	434	470
3239	462	470
3240	489	470
3241	491	470
3242	508	470
3243	530	470
3244	531	470
3245	136	471
3246	438	471
3247	32	472
3248	34	472
3249	161	472
3250	228	472
3251	257	472
3252	334	472
3253	423	473
3254	34	474
3255	83	474
3256	131	474
3257	136	474
3258	161	474
3259	289	474
3260	541	474
3261	542	474
3262	34	477
3263	462	477
3264	542	477
3265	1	479
3266	2	479
3267	11	479
3268	14	479
3269	15	479
3270	16	479
3271	17	479
3272	18	479
3273	27	479
3274	28	479
3275	62	479
3276	65	479
3277	68	479
3278	70	479
3279	78	479
3280	104	479
3281	109	479
3282	111	479
3283	113	479
3284	118	479
3285	121	479
3286	122	479
3287	124	479
3288	142	479
3289	151	479
3290	157	479
3291	163	479
3292	171	479
3293	175	479
3294	176	479
3295	178	479
3296	179	479
3297	180	479
3298	183	479
3299	189	479
3300	190	479
3301	191	479
3302	194	479
3303	228	479
3304	229	479
3305	236	479
3306	252	479
3307	253	479
3308	265	479
3309	300	479
3310	301	479
3311	302	479
3312	315	479
3313	323	479
3314	324	479
3315	327	479
3316	328	479
3317	330	479
3318	332	479
3319	335	479
3320	344	479
3321	379	479
3322	380	479
3323	383	479
3324	384	479
3325	396	479
3326	397	479
3327	407	479
3328	409	479
3329	410	479
3330	411	479
3331	416	479
3332	421	479
3333	424	479
3334	451	479
3335	461	479
3336	475	479
3337	476	479
3338	478	479
3339	479	479
3340	492	479
3341	494	479
3342	497	479
3343	500	479
3344	501	479
3345	502	479
3346	503	479
3347	504	479
3348	505	479
3349	516	479
3350	519	479
3351	520	479
3352	521	479
3353	523	479
3354	526	479
3355	546	479
3356	548	479
3357	556	479
3358	557	479
3359	558	479
3360	569	479
3361	584	479
3362	16	481
3363	31	481
3364	32	481
3365	34	481
3366	124	481
3367	131	481
3368	136	481
3369	187	481
3370	188	481
3371	228	481
3372	256	481
3373	289	481
3374	306	481
3375	307	481
3376	333	481
3377	374	481
3378	382	481
3379	395	481
3380	401	481
3381	462	481
3382	481	481
3383	482	481
3384	489	481
3385	528	481
3386	529	481
3387	541	481
3388	542	481
3389	544	481
3390	76	483
3391	76	484
3392	398	486
3393	462	486
3394	487	486
3395	77	489
3396	246	489
3397	392	490
3398	246	491
3399	306	491
3400	307	491
3401	392	491
3402	438	491
3403	423	493
3404	58	494
3405	80	494
3406	83	494
3407	124	494
3408	125	494
3409	126	494
3410	127	494
3411	128	494
3412	129	494
3413	130	494
3414	142	494
3415	143	494
3416	144	494
3417	145	494
3418	213	494
3419	214	494
3420	215	494
3421	217	494
3422	218	494
3423	219	494
3424	228	494
3425	247	494
3426	248	494
3427	266	494
3428	271	494
3429	273	494
3430	274	494
3431	276	494
3432	294	494
3433	325	494
3434	365	494
3435	374	494
3436	395	494
3437	396	494
3438	397	494
3439	423	494
3440	425	494
3441	426	494
3442	462	494
3443	466	494
3444	467	494
3445	468	494
3446	469	494
3447	470	494
3448	508	494
3449	530	494
3450	531	494
3451	565	494
3452	58	495
3453	125	495
3454	126	495
3455	127	495
3456	128	495
3457	129	495
3458	142	495
3459	143	495
3460	144	495
3461	145	495
3462	213	495
3463	217	495
3464	218	495
3465	219	495
3466	325	495
3467	466	495
3468	467	495
3469	468	495
3470	469	495
3471	470	495
3472	4	496
3473	5	496
3474	42	496
3475	376	496
3476	377	496
3477	429	496
3478	31	497
3479	58	497
3480	83	497
3481	124	497
3482	125	497
3483	126	497
3484	127	497
3485	128	497
3486	129	497
3487	142	497
3488	143	497
3489	144	497
3490	145	497
3491	171	497
3492	187	497
3493	188	497
3494	213	497
3495	217	497
3496	218	497
3497	219	497
3498	228	497
3499	325	497
3500	374	497
3501	393	497
3502	395	497
3503	401	497
3504	462	497
3505	466	497
3506	467	497
3507	468	497
3508	469	497
3509	470	497
3510	482	497
3511	489	497
3512	528	497
3513	529	497
3514	544	497
3515	22	498
3516	88	498
3517	233	498
3518	278	498
3519	367	498
3520	417	498
3521	432	498
3522	131	499
3523	449	503
3524	560	506
3525	462	507
3526	34	509
3527	34	510
3528	560	511
3529	542	512
3530	228	513
3531	395	513
3532	462	513
3533	541	513
3534	137	514
3535	32	515
3536	136	515
3537	153	515
3538	228	515
3539	333	515
3540	334	515
3541	393	515
3542	395	515
3543	462	515
3544	488	515
3545	517	515
3546	541	515
3547	542	515
3548	131	518
3549	307	518
3550	542	522
3551	77	524
3552	136	525
3553	449	526
3554	268	527
3555	308	527
3556	131	532
3557	136	532
3558	256	532
3559	439	532
3560	517	532
3561	540	532
3562	484	533
3563	484	534
3564	256	535
3565	131	536
3566	256	536
3567	333	536
3568	439	536
3569	440	536
3570	482	536
3571	484	536
3572	541	536
3573	4	537
3574	5	537
3575	42	537
3576	376	537
3577	377	537
3578	429	537
3579	256	538
3580	131	539
3581	136	539
3582	160	539
3583	228	539
3584	256	539
3585	396	539
3586	397	539
3587	484	539
3588	75	542
3589	412	543
3590	77	544
3591	306	544
3592	393	545
3593	398	545
3594	16	546
3595	31	546
3596	34	546
3597	45	546
3598	58	546
3599	65	546
3600	80	546
3601	81	546
3602	83	546
3603	124	546
3604	125	546
3605	126	546
3606	127	546
3607	128	546
3608	129	546
3609	130	546
3610	131	546
3611	136	546
3612	142	546
3613	143	546
3614	144	546
3615	145	546
3616	158	546
3617	159	546
3618	161	546
3619	162	546
3620	187	546
3621	194	546
3622	213	546
3623	214	546
3624	215	546
3625	217	546
3626	218	546
3627	219	546
3628	228	546
3629	247	546
3630	248	546
3631	257	546
3632	265	546
3633	266	546
3634	271	546
3635	273	546
3636	274	546
3637	276	546
3638	294	546
3639	325	546
3640	333	546
3641	334	546
3642	335	546
3643	348	546
3644	364	546
3645	365	546
3646	374	546
3647	393	546
3648	395	546
3649	396	546
3650	397	546
3651	398	546
3652	423	546
3653	425	546
3654	426	546
3655	439	546
3656	440	546
3657	462	546
3658	466	546
3659	467	546
3660	468	546
3661	469	546
3662	470	546
3663	482	546
3664	485	546
3665	487	546
3666	488	546
3667	489	546
3668	490	546
3669	491	546
3670	508	546
3671	530	546
3672	531	546
3673	541	546
3674	542	546
3675	58	547
3676	80	547
3677	125	547
3678	126	547
3679	127	547
3680	128	547
3681	129	547
3682	130	547
3683	142	547
3684	143	547
3685	144	547
3686	145	547
3687	158	547
3688	160	547
3689	162	547
3690	213	547
3691	217	547
3692	218	547
3693	219	547
3694	228	547
3695	247	547
3696	248	547
3697	257	547
3698	266	547
3699	271	547
3700	273	547
3701	274	547
3702	276	547
3703	294	547
3704	325	547
3705	365	547
3706	393	547
3707	395	547
3708	462	547
3709	466	547
3710	467	547
3711	468	547
3712	469	547
3713	470	547
3714	488	547
3715	508	547
3716	530	547
3717	531	547
3718	1	548
3719	2	548
3720	11	548
3721	14	548
3722	15	548
3723	16	548
3724	17	548
3725	18	548
3726	27	548
3727	28	548
3728	31	548
3729	45	548
3730	58	548
3731	62	548
3732	65	548
3733	68	548
3734	70	548
3735	78	548
3736	83	548
3737	104	548
3738	109	548
3739	111	548
3740	113	548
3741	118	548
3742	121	548
3743	122	548
3744	124	548
3745	125	548
3746	126	548
3747	127	548
3748	128	548
3749	129	548
3750	142	548
3751	143	548
3752	144	548
3753	145	548
3754	151	548
3755	157	548
3756	158	548
3757	161	548
3758	163	548
3759	171	548
3760	175	548
3761	176	548
3762	178	548
3763	179	548
3764	180	548
3765	183	548
3766	187	548
3767	188	548
3768	189	548
3769	190	548
3770	191	548
3771	194	548
3772	213	548
3773	214	548
3774	217	548
3775	218	548
3776	219	548
3777	228	548
3778	229	548
3779	236	548
3780	252	548
3781	253	548
3782	265	548
3783	266	548
3784	300	548
3785	301	548
3786	302	548
3787	315	548
3788	323	548
3789	324	548
3790	325	548
3791	327	548
3792	328	548
3793	330	548
3794	332	548
3795	335	548
3796	344	548
3797	364	548
3798	374	548
3799	379	548
3800	380	548
3801	383	548
3802	384	548
3803	395	548
3804	401	548
3805	407	548
3806	409	548
3807	410	548
3808	411	548
3809	416	548
3810	421	548
3811	424	548
3812	449	548
3813	451	548
3814	461	548
3815	462	548
3816	466	548
3817	467	548
3818	468	548
3819	469	548
3820	470	548
3821	475	548
3822	476	548
3823	478	548
3824	479	548
3825	482	548
3826	489	548
3827	491	548
3828	492	548
3829	494	548
3830	497	548
3831	500	548
3832	501	548
3833	502	548
3834	503	548
3835	504	548
3836	505	548
3837	516	548
3838	519	548
3839	520	548
3840	521	548
3841	523	548
3842	526	548
3843	528	548
3844	529	548
3845	544	548
3846	546	548
3847	548	548
3848	556	548
3849	557	548
3850	558	548
3851	569	548
3852	584	548
3853	58	549
3854	125	549
3855	126	549
3856	127	549
3857	128	549
3858	129	549
3859	142	549
3860	143	549
3861	144	549
3862	145	549
3863	213	549
3864	217	549
3865	218	549
3866	219	549
3867	325	549
3868	466	549
3869	467	549
3870	468	549
3871	469	549
3872	470	549
3873	544	550
3874	423	551
3875	542	552
3876	136	553
3877	160	553
3878	333	553
3879	541	553
3880	131	554
3881	256	554
3882	541	554
3883	542	554
3884	256	555
3885	462	559
3886	31	560
3887	34	560
3888	289	560
3889	433	560
3890	434	560
3891	489	560
3892	491	560
3893	31	561
3894	289	561
3895	433	561
3896	434	561
3897	31	562
3898	34	562
3899	83	562
3900	131	562
3901	136	562
3902	246	562
3903	289	562
3904	433	562
3905	491	562
3906	31	563
3907	289	563
3908	31	564
3909	137	564
3910	289	564
3911	31	565
3912	34	565
3913	289	565
3914	433	565
3915	434	565
3916	489	565
3917	491	565
3918	289	567
3919	246	568
3920	289	568
3921	333	568
3922	433	568
3923	434	568
3924	560	572
3925	52	573
3926	52	574
3927	396	575
3928	489	575
3929	397	576
3930	31	577
3931	228	577
3932	393	577
3933	395	577
3934	423	577
3935	542	577
3936	131	578
3937	435	579
3938	131	580
3939	31	581
3940	58	581
3941	83	581
3942	124	581
3943	125	581
3944	126	581
3945	127	581
3946	128	581
3947	129	581
3948	136	581
3949	142	581
3950	143	581
3951	144	581
3952	145	581
3953	187	581
3954	188	581
3955	213	581
3956	217	581
3957	218	581
3958	219	581
3959	228	581
3960	266	581
3961	325	581
3962	348	581
3963	374	581
3964	393	581
3965	395	581
3966	396	581
3967	397	581
3968	401	581
3969	423	581
3970	462	581
3971	466	581
3972	467	581
3973	468	581
3974	469	581
3975	470	581
3976	482	581
3977	488	581
3978	489	581
3979	528	581
3980	529	581
3981	541	581
3982	542	581
3983	544	581
3984	397	582
3985	398	582
3986	396	583
3987	246	585
3988	489	585
3989	529	585
3990	423	586
